[gd_resource type="ArrayMesh" load_steps=3 format=2]

[ext_resource path="res://models/nordictavern/Texture.png" type="Texture" id=1]

[sub_resource type="SpatialMaterial" id=1]
albedo_texture = ExtResource( 1 )

[resource]
lightmap_size_hint = Vector2( 58, 54 )
blend_shape_mode = 0
surfaces/0 = {
"aabb": AABB( -0.00516639, -0.00279104, 0.000186889, 0.0103428, 0.00602928, 0.0157117 ),
"array_data": PoolByteArray( 214, 74, 169, 59, 222, 233, 54, 187, 151, 15, 125, 60, 0, 129, 0, 63, 185, 58, 41, 50, 105, 32, 10, 53, 192, 114, 155, 59, 222, 233, 54, 187, 185, 61, 130, 60, 0, 129, 0, 63, 230, 58, 118, 49, 141, 36, 47, 53, 214, 74, 169, 59, 222, 233, 54, 187, 185, 61, 130, 60, 0, 129, 0, 63, 230, 58, 41, 50, 105, 32, 47, 53, 192, 114, 155, 59, 222, 233, 54, 187, 26, 68, 128, 60, 0, 129, 0, 63, 185, 58, 118, 49, 141, 36, 27, 53, 214, 74, 169, 59, 181, 56, 84, 59, 235, 44, 183, 59, 127, 0, 0, 63, 185, 58, 41, 50, 167, 53, 206, 55, 214, 74, 169, 59, 222, 233, 54, 187, 33, 165, 75, 60, 127, 0, 0, 63, 230, 58, 118, 49, 17, 56, 255, 56, 214, 74, 169, 59, 181, 56, 84, 59, 33, 165, 75, 60, 127, 0, 0, 63, 230, 58, 41, 50, 167, 53, 255, 56, 214, 74, 169, 59, 222, 233, 54, 187, 235, 44, 183, 59, 127, 0, 0, 63, 185, 58, 118, 49, 17, 56, 206, 55, 192, 114, 155, 59, 181, 56, 84, 59, 141, 46, 168, 59, 0, 127, 0, 63, 185, 58, 41, 50, 178, 52, 239, 46, 0, 0, 0, 0, 181, 56, 84, 59, 138, 130, 158, 59, 0, 127, 127, 127, 230, 58, 118, 49, 88, 54, 142, 46, 192, 114, 155, 59, 181, 56, 84, 59, 138, 130, 158, 59, 0, 127, 0, 63, 230, 58, 41, 50, 178, 52, 142, 46, 0, 0, 0, 0, 181, 56, 84, 59, 141, 46, 168, 59, 0, 127, 127, 127, 185, 58, 118, 49, 88, 54, 239, 46, 192, 114, 155, 187, 181, 56, 84, 59, 185, 61, 130, 60, 0, 127, 127, 127, 185, 58, 41, 50, 253, 55, 47, 53, 0, 0, 0, 0, 181, 56, 84, 59, 26, 68, 128, 60, 0, 127, 127, 127, 230, 58, 118, 49, 88, 54, 27, 53, 0, 0, 0, 0, 181, 56, 84, 59, 185, 61, 130, 60, 0, 127, 127, 127, 185, 58, 118, 49, 88, 54, 47, 53, 192, 114, 155, 187, 181, 56, 84, 59, 26, 68, 128, 60, 0, 127, 127, 127, 230, 58, 41, 50, 253, 55, 27, 53, 214, 74, 169, 187, 222, 233, 54, 187, 133, 247, 67, 57, 0, 129, 0, 63, 185, 58, 41, 50, 114, 51, 189, 32, 192, 114, 155, 187, 222, 233, 54, 187, 138, 130, 158, 59, 0, 129, 0, 63, 230, 58, 118, 49, 39, 51, 142, 46, 192, 114, 155, 187, 222, 233, 54, 187, 133, 247, 67, 57, 0, 129, 0, 63, 185, 58, 118, 49, 39, 51, 189, 32, 214, 74, 169, 187, 222, 233, 54, 187, 77, 108, 156, 59, 0, 129, 0, 63, 230, 58, 41, 50, 114, 51, 121, 46, 214, 74, 169, 187, 181, 56, 84, 59, 78, 108, 156, 59, 129, 0, 0, 63, 185, 58, 41, 50, 7, 46, 18, 54, 214, 74, 169, 187, 222, 233, 54, 187, 235, 44, 183, 59, 129, 0, 0, 63, 230, 58, 118, 49, 0, 47, 94, 56, 214, 74, 169, 187, 222, 233, 54, 187, 77, 108, 156, 59, 129, 0, 0, 63, 185, 58, 118, 49, 7, 46, 94, 56, 214, 74, 169, 187, 181, 56, 84, 59, 235, 44, 183, 59, 129, 0, 0, 63, 230, 58, 41, 50, 0, 47, 18, 54, 192, 114, 155, 59, 222, 233, 54, 187, 26, 68, 128, 60, 0, 129, 0, 63, 185, 58, 41, 50, 141, 36, 27, 53, 0, 0, 0, 0, 222, 233, 54, 187, 185, 61, 130, 60, 0, 129, 0, 63, 230, 58, 118, 49, 185, 47, 47, 53, 192, 114, 155, 59, 222, 233, 54, 187, 185, 61, 130, 60, 0, 129, 0, 63, 230, 58, 41, 50, 141, 36, 47, 53, 0, 0, 0, 0, 222, 233, 54, 187, 26, 68, 128, 60, 0, 129, 0, 63, 185, 58, 118, 49, 185, 47, 27, 53, 214, 74, 169, 59, 222, 233, 54, 187, 33, 165, 75, 60, 0, 129, 0, 63, 185, 58, 41, 50, 105, 32, 18, 52, 192, 114, 155, 59, 222, 233, 54, 187, 66, 73, 83, 60, 0, 129, 0, 63, 230, 58, 118, 49, 141, 36, 56, 52, 214, 74, 169, 59, 222, 233, 54, 187, 1, 98, 83, 60, 0, 129, 0, 63, 230, 58, 41, 50, 105, 32, 57, 52, 192, 114, 155, 59, 222, 233, 54, 187, 25, 110, 78, 60, 0, 129, 0, 63, 185, 58, 118, 49, 141, 36, 32, 52, 192, 114, 155, 59, 181, 56, 84, 59, 138, 130, 158, 59, 127, 127, 0, 1, 177, 58, 153, 51, 185, 57, 94, 56, 0, 0, 0, 0, 222, 233, 54, 187, 138, 130, 158, 59, 127, 127, 0, 1, 222, 58, 230, 50, 123, 56, 208, 54, 192, 114, 155, 59, 222, 233, 54, 187, 138, 130, 158, 59, 127, 127, 0, 1, 222, 58, 153, 51, 123, 56, 94, 56, 0, 0, 0, 0, 181, 56, 84, 59, 138, 130, 158, 59, 127, 127, 0, 1, 177, 58, 230, 50, 185, 57, 208, 54, 214, 74, 169, 187, 222, 233, 54, 187, 235, 44, 183, 59, 0, 129, 0, 63, 185, 58, 41, 50, 114, 51, 133, 47, 192, 114, 155, 187, 222, 233, 54, 187, 25, 110, 78, 60, 0, 129, 0, 63, 230, 58, 118, 49, 39, 51, 32, 52, 192, 114, 155, 187, 222, 233, 54, 187, 141, 46, 168, 59, 0, 129, 0, 63, 185, 58, 118, 49, 39, 51, 239, 46, 214, 74, 169, 187, 222, 233, 54, 187, 33, 165, 75, 60, 0, 129, 0, 63, 230, 58, 41, 50, 114, 51, 18, 52, 192, 114, 155, 187, 181, 56, 84, 59, 138, 130, 158, 59, 0, 127, 0, 63, 185, 58, 41, 50, 253, 55, 142, 46, 214, 74, 169, 187, 181, 56, 84, 59, 235, 44, 183, 59, 0, 127, 0, 63, 230, 58, 118, 49, 17, 56, 133, 47, 214, 74, 169, 187, 181, 56, 84, 59, 78, 108, 156, 59, 0, 127, 0, 63, 185, 58, 118, 49, 17, 56, 121, 46, 192, 114, 155, 187, 181, 56, 84, 59, 141, 46, 168, 59, 0, 127, 0, 63, 230, 58, 41, 50, 253, 55, 239, 46, 192, 114, 155, 59, 181, 56, 84, 59, 26, 68, 128, 60, 0, 127, 0, 63, 185, 58, 41, 50, 178, 52, 27, 53, 214, 74, 169, 59, 181, 56, 84, 59, 185, 61, 130, 60, 0, 127, 0, 63, 230, 58, 118, 49, 141, 52, 47, 53, 192, 114, 155, 59, 181, 56, 84, 59, 185, 61, 130, 60, 0, 127, 0, 63, 230, 58, 41, 50, 178, 52, 47, 53, 214, 74, 169, 59, 181, 56, 84, 59, 151, 15, 125, 60, 0, 127, 0, 63, 185, 58, 118, 49, 141, 52, 10, 53, 192, 114, 155, 59, 222, 233, 54, 187, 25, 110, 78, 60, 0, 129, 0, 63, 185, 58, 41, 50, 141, 36, 32, 52, 0, 0, 0, 0, 222, 233, 54, 187, 66, 73, 83, 60, 0, 129, 0, 63, 230, 58, 118, 49, 185, 47, 56, 52, 192, 114, 155, 59, 222, 233, 54, 187, 66, 73, 83, 60, 0, 129, 0, 63, 230, 58, 41, 50, 141, 36, 56, 52, 0, 0, 0, 0, 222, 233, 54, 187, 25, 110, 78, 60, 0, 129, 0, 63, 185, 58, 118, 49, 185, 47, 32, 52, 192, 114, 155, 59, 222, 233, 54, 187, 138, 130, 158, 59, 0, 129, 0, 63, 185, 58, 41, 50, 141, 36, 142, 46, 0, 0, 0, 0, 222, 233, 54, 187, 141, 46, 168, 59, 0, 129, 0, 63, 230, 58, 118, 49, 185, 47, 239, 46, 192, 114, 155, 59, 222, 233, 54, 187, 141, 46, 168, 59, 0, 129, 0, 63, 230, 58, 41, 50, 141, 36, 239, 46, 0, 0, 0, 0, 222, 233, 54, 187, 138, 130, 158, 59, 0, 129, 0, 63, 185, 58, 118, 49, 185, 47, 142, 46, 192, 114, 155, 187, 222, 233, 54, 187, 141, 46, 168, 59, 127, 0, 0, 63, 177, 58, 153, 51, 123, 56, 151, 58, 192, 114, 155, 187, 181, 56, 84, 59, 25, 110, 78, 60, 127, 0, 0, 63, 222, 58, 230, 50, 185, 57, 237, 59, 192, 114, 155, 187, 181, 56, 84, 59, 141, 46, 168, 59, 127, 0, 0, 63, 177, 58, 230, 50, 123, 56, 237, 59, 192, 114, 155, 187, 222, 233, 54, 187, 25, 110, 78, 60, 127, 0, 0, 63, 222, 58, 153, 51, 185, 57, 151, 58, 192, 114, 155, 187, 222, 233, 54, 187, 141, 46, 168, 59, 0, 0, 0, 127, 177, 58, 153, 51, 114, 51, 208, 56, 0, 0, 0, 0, 181, 56, 84, 59, 141, 46, 168, 59, 0, 0, 0, 127, 222, 58, 230, 50, 185, 47, 37, 58, 0, 0, 0, 0, 222, 233, 54, 187, 141, 46, 168, 59, 0, 0, 0, 127, 177, 58, 230, 50, 185, 47, 208, 56, 192, 114, 155, 187, 181, 56, 84, 59, 141, 46, 168, 59, 0, 0, 0, 127, 222, 58, 153, 51, 114, 51, 37, 58, 214, 74, 169, 59, 181, 56, 84, 59, 151, 15, 125, 60, 127, 0, 0, 63, 185, 58, 41, 50, 167, 53, 123, 57, 214, 74, 169, 59, 222, 233, 54, 187, 185, 61, 130, 60, 127, 0, 0, 63, 230, 58, 118, 49, 17, 56, 142, 57, 214, 74, 169, 59, 181, 56, 84, 59, 185, 61, 130, 60, 127, 0, 0, 63, 230, 58, 41, 50, 167, 53, 142, 57, 214, 74, 169, 59, 222, 233, 54, 187, 151, 15, 125, 60, 127, 0, 0, 63, 185, 58, 118, 49, 17, 56, 123, 57, 192, 114, 155, 59, 181, 56, 84, 59, 25, 110, 78, 60, 0, 127, 0, 63, 185, 58, 41, 50, 178, 52, 32, 52, 214, 74, 169, 59, 181, 56, 84, 59, 1, 98, 83, 60, 0, 127, 0, 63, 230, 58, 118, 49, 141, 52, 57, 52, 192, 114, 155, 59, 181, 56, 84, 59, 66, 73, 83, 60, 0, 127, 0, 63, 230, 58, 41, 50, 178, 52, 56, 52, 214, 74, 169, 59, 181, 56, 84, 59, 33, 165, 75, 60, 0, 127, 0, 63, 185, 58, 118, 49, 141, 52, 18, 52, 214, 74, 169, 187, 222, 233, 54, 187, 151, 15, 125, 60, 0, 129, 0, 63, 185, 58, 41, 50, 114, 51, 10, 53, 192, 114, 155, 187, 222, 233, 54, 187, 185, 61, 130, 60, 0, 129, 0, 63, 230, 58, 118, 49, 39, 51, 47, 53, 192, 114, 155, 187, 222, 233, 54, 187, 26, 68, 128, 60, 0, 129, 0, 63, 185, 58, 118, 49, 39, 51, 27, 53, 214, 74, 169, 187, 222, 233, 54, 187, 185, 61, 130, 60, 0, 129, 0, 63, 230, 58, 41, 50, 114, 51, 47, 53, 192, 114, 155, 187, 181, 56, 84, 59, 141, 46, 168, 59, 0, 127, 127, 127, 185, 58, 41, 50, 253, 55, 239, 46, 214, 74, 169, 187, 181, 56, 84, 59, 33, 165, 75, 60, 0, 127, 0, 63, 230, 58, 118, 49, 17, 56, 18, 52, 214, 74, 169, 187, 181, 56, 84, 59, 235, 44, 183, 59, 0, 127, 0, 63, 185, 58, 118, 49, 17, 56, 133, 47, 192, 114, 155, 187, 181, 56, 84, 59, 25, 110, 78, 60, 0, 127, 0, 63, 230, 58, 41, 50, 253, 55, 32, 52, 214, 74, 169, 187, 222, 233, 54, 187, 77, 108, 156, 59, 0, 129, 0, 63, 185, 58, 41, 50, 114, 51, 121, 46, 192, 114, 155, 187, 222, 233, 54, 187, 141, 46, 168, 59, 0, 129, 0, 63, 230, 58, 118, 49, 39, 51, 239, 46, 192, 114, 155, 187, 222, 233, 54, 187, 138, 130, 158, 59, 0, 129, 0, 63, 185, 58, 118, 49, 39, 51, 142, 46, 214, 74, 169, 187, 222, 233, 54, 187, 235, 44, 183, 59, 0, 129, 0, 63, 230, 58, 41, 50, 114, 51, 133, 47, 192, 114, 155, 59, 222, 233, 54, 187, 133, 247, 67, 57, 127, 127, 0, 127, 185, 58, 41, 50, 61, 59, 18, 54, 214, 74, 169, 59, 181, 56, 84, 59, 133, 247, 67, 57, 127, 127, 0, 127, 230, 58, 118, 49, 97, 59, 94, 56, 192, 114, 155, 59, 181, 56, 84, 59, 133, 247, 67, 57, 127, 127, 0, 127, 230, 58, 41, 50, 61, 59, 94, 56, 214, 74, 169, 59, 222, 233, 54, 187, 133, 247, 67, 57, 127, 127, 0, 127, 185, 58, 118, 49, 97, 59, 18, 54, 214, 74, 169, 59, 181, 56, 84, 59, 33, 165, 75, 60, 127, 0, 0, 63, 185, 58, 41, 50, 167, 53, 255, 56, 214, 74, 169, 59, 222, 233, 54, 187, 1, 98, 83, 60, 127, 0, 0, 63, 230, 58, 118, 49, 17, 56, 19, 57, 214, 74, 169, 59, 181, 56, 84, 59, 1, 98, 83, 60, 127, 0, 0, 63, 230, 58, 41, 50, 167, 53, 19, 57, 214, 74, 169, 59, 222, 233, 54, 187, 33, 165, 75, 60, 127, 0, 0, 63, 185, 58, 118, 49, 17, 56, 255, 56, 192, 114, 155, 187, 222, 233, 54, 187, 26, 68, 128, 60, 0, 129, 0, 63, 185, 58, 41, 50, 39, 51, 27, 53, 192, 114, 155, 187, 222, 233, 54, 187, 185, 61, 130, 60, 0, 129, 0, 63, 230, 58, 41, 50, 39, 51, 47, 53, 214, 74, 169, 187, 181, 56, 84, 59, 235, 44, 183, 59, 129, 0, 0, 63, 185, 58, 41, 50, 0, 47, 18, 54, 214, 74, 169, 187, 222, 233, 54, 187, 33, 165, 75, 60, 129, 0, 0, 63, 230, 58, 118, 49, 149, 51, 94, 56, 214, 74, 169, 187, 222, 233, 54, 187, 235, 44, 183, 59, 129, 0, 0, 63, 185, 58, 118, 49, 0, 47, 94, 56, 214, 74, 169, 187, 181, 56, 84, 59, 33, 165, 75, 60, 129, 0, 0, 63, 230, 58, 41, 50, 149, 51, 18, 54, 0, 0, 0, 0, 222, 233, 54, 187, 138, 130, 158, 59, 127, 0, 0, 63, 185, 58, 41, 50, 35, 58, 199, 59, 0, 0, 0, 0, 181, 56, 84, 59, 141, 46, 168, 59, 127, 0, 0, 63, 230, 58, 118, 49, 97, 59, 237, 59, 0, 0, 0, 0, 181, 56, 84, 59, 138, 130, 158, 59, 127, 0, 0, 63, 185, 58, 118, 49, 97, 59, 199, 59, 0, 0, 0, 0, 222, 233, 54, 187, 141, 46, 168, 59, 127, 0, 0, 63, 230, 58, 41, 50, 35, 58, 237, 59, 192, 114, 155, 59, 181, 56, 84, 59, 185, 61, 130, 60, 0, 0, 0, 1, 177, 58, 153, 51, 141, 36, 237, 59, 214, 74, 169, 59, 222, 233, 54, 187, 185, 61, 130, 60, 0, 0, 0, 1, 222, 58, 230, 50, 105, 32, 151, 58, 192, 114, 155, 59, 222, 233, 54, 187, 185, 61, 130, 60, 0, 0, 0, 1, 222, 58, 153, 51, 141, 36, 151, 58, 214, 74, 169, 59, 181, 56, 84, 59, 185, 61, 130, 60, 0, 0, 0, 1, 177, 58, 230, 50, 105, 32, 237, 59, 192, 114, 155, 59, 181, 56, 84, 59, 25, 110, 78, 60, 127, 127, 0, 1, 177, 58, 153, 51, 17, 56, 85, 59, 0, 0, 0, 0, 222, 233, 54, 187, 25, 110, 78, 60, 127, 127, 0, 1, 222, 58, 230, 50, 88, 54, 0, 58, 192, 114, 155, 59, 222, 233, 54, 187, 25, 110, 78, 60, 127, 127, 0, 1, 222, 58, 153, 51, 17, 56, 0, 58, 0, 0, 0, 0, 181, 56, 84, 59, 25, 110, 78, 60, 127, 127, 0, 1, 177, 58, 230, 50, 88, 54, 85, 59, 192, 114, 155, 187, 181, 56, 84, 59, 26, 68, 128, 60, 0, 127, 0, 63, 185, 58, 41, 50, 253, 55, 27, 53, 214, 74, 169, 187, 181, 56, 84, 59, 185, 61, 130, 60, 0, 127, 0, 63, 230, 58, 118, 49, 17, 56, 47, 53, 214, 74, 169, 187, 181, 56, 84, 59, 151, 15, 125, 60, 0, 127, 0, 63, 185, 58, 118, 49, 17, 56, 10, 53, 192, 114, 155, 187, 181, 56, 84, 59, 185, 61, 130, 60, 0, 127, 0, 63, 230, 58, 41, 50, 253, 55, 47, 53, 214, 74, 169, 187, 222, 233, 54, 187, 33, 165, 75, 60, 0, 129, 0, 63, 185, 58, 41, 50, 114, 51, 18, 52, 192, 114, 155, 187, 222, 233, 54, 187, 66, 73, 83, 60, 0, 129, 0, 63, 230, 58, 118, 49, 39, 51, 56, 52, 192, 114, 155, 187, 222, 233, 54, 187, 25, 110, 78, 60, 0, 129, 0, 63, 185, 58, 118, 49, 39, 51, 32, 52, 214, 74, 169, 187, 222, 233, 54, 187, 1, 98, 83, 60, 0, 129, 0, 63, 230, 58, 41, 50, 114, 51, 57, 52, 192, 114, 155, 187, 181, 56, 84, 59, 138, 130, 158, 59, 0, 127, 127, 127, 230, 58, 41, 50, 253, 55, 142, 46, 214, 74, 169, 59, 181, 56, 84, 59, 1, 98, 83, 60, 127, 0, 0, 63, 185, 58, 41, 50, 167, 53, 19, 57, 214, 74, 169, 59, 222, 233, 54, 187, 151, 15, 125, 60, 127, 0, 0, 63, 230, 58, 118, 49, 17, 56, 123, 57, 214, 74, 169, 59, 181, 56, 84, 59, 151, 15, 125, 60, 127, 0, 0, 63, 230, 58, 41, 50, 167, 53, 123, 57, 214, 74, 169, 59, 222, 233, 54, 187, 1, 98, 83, 60, 127, 0, 0, 63, 185, 58, 118, 49, 17, 56, 19, 57, 192, 114, 155, 59, 181, 56, 84, 59, 66, 73, 83, 60, 0, 127, 0, 63, 185, 58, 41, 50, 178, 52, 56, 52, 0, 0, 0, 0, 181, 56, 84, 59, 25, 110, 78, 60, 0, 127, 127, 127, 230, 58, 118, 49, 88, 54, 32, 52, 192, 114, 155, 59, 181, 56, 84, 59, 25, 110, 78, 60, 0, 127, 0, 63, 230, 58, 41, 50, 178, 52, 32, 52, 0, 0, 0, 0, 181, 56, 84, 59, 66, 73, 83, 60, 0, 127, 127, 127, 185, 58, 118, 49, 88, 54, 56, 52, 214, 74, 169, 187, 181, 56, 84, 59, 151, 15, 125, 60, 129, 0, 0, 63, 185, 58, 41, 50, 177, 52, 18, 54, 214, 74, 169, 187, 222, 233, 54, 187, 185, 61, 130, 60, 129, 0, 0, 63, 230, 58, 118, 49, 211, 52, 94, 56, 214, 74, 169, 187, 222, 233, 54, 187, 151, 15, 125, 60, 129, 0, 0, 63, 185, 58, 118, 49, 177, 52, 94, 56, 214, 74, 169, 187, 181, 56, 84, 59, 185, 61, 130, 60, 129, 0, 0, 63, 230, 58, 41, 50, 211, 52, 18, 54, 192, 114, 155, 187, 222, 233, 54, 187, 25, 110, 78, 60, 0, 129, 0, 63, 185, 58, 41, 50, 39, 51, 32, 52, 192, 114, 155, 187, 222, 233, 54, 187, 66, 73, 83, 60, 0, 129, 0, 63, 230, 58, 41, 50, 39, 51, 56, 52, 192, 114, 155, 187, 181, 56, 84, 59, 138, 130, 158, 59, 127, 127, 0, 1, 177, 58, 153, 51, 185, 57, 227, 52, 192, 114, 155, 187, 222, 233, 54, 187, 138, 130, 158, 59, 127, 127, 0, 1, 222, 58, 153, 51, 123, 56, 227, 52, 214, 74, 169, 59, 181, 56, 84, 59, 151, 15, 125, 60, 0, 127, 0, 63, 230, 58, 118, 49, 141, 52, 10, 53, 192, 114, 155, 59, 181, 56, 84, 59, 26, 68, 128, 60, 0, 127, 127, 127, 230, 58, 41, 50, 178, 52, 27, 53, 214, 74, 169, 59, 181, 56, 84, 59, 1, 98, 83, 60, 0, 127, 0, 63, 185, 58, 118, 49, 141, 52, 57, 52, 192, 114, 155, 59, 222, 233, 54, 187, 66, 73, 83, 60, 0, 0, 0, 127, 177, 58, 153, 51, 123, 56, 189, 32, 0, 0, 0, 0, 181, 56, 84, 59, 66, 73, 83, 60, 0, 0, 0, 127, 222, 58, 230, 50, 185, 57, 37, 48, 192, 114, 155, 59, 181, 56, 84, 59, 66, 73, 83, 60, 0, 0, 0, 127, 222, 58, 153, 51, 185, 57, 189, 32, 0, 0, 0, 0, 222, 233, 54, 187, 66, 73, 83, 60, 0, 0, 0, 127, 177, 58, 230, 50, 123, 56, 37, 48, 192, 114, 155, 187, 222, 233, 54, 187, 133, 247, 67, 57, 127, 127, 0, 127, 185, 58, 41, 50, 141, 52, 199, 59, 214, 74, 169, 187, 181, 56, 84, 59, 133, 247, 67, 57, 127, 127, 0, 127, 230, 58, 118, 49, 8, 55, 237, 59, 214, 74, 169, 187, 222, 233, 54, 187, 133, 247, 67, 57, 127, 127, 0, 127, 185, 58, 118, 49, 141, 52, 237, 59, 192, 114, 155, 187, 181, 56, 84, 59, 133, 247, 67, 57, 127, 127, 0, 127, 230, 58, 41, 50, 8, 55, 199, 59, 192, 114, 155, 187, 181, 56, 84, 59, 25, 110, 78, 60, 0, 127, 0, 63, 185, 58, 41, 50, 253, 55, 32, 52, 214, 74, 169, 187, 181, 56, 84, 59, 1, 98, 83, 60, 0, 127, 0, 63, 230, 58, 118, 49, 17, 56, 57, 52, 214, 74, 169, 187, 181, 56, 84, 59, 33, 165, 75, 60, 0, 127, 0, 63, 185, 58, 118, 49, 17, 56, 18, 52, 192, 114, 155, 187, 181, 56, 84, 59, 66, 73, 83, 60, 0, 127, 0, 63, 230, 58, 41, 50, 253, 55, 56, 52, 192, 114, 155, 187, 222, 233, 54, 187, 138, 130, 158, 59, 0, 129, 0, 63, 185, 58, 41, 50, 39, 51, 142, 46, 192, 114, 155, 187, 222, 233, 54, 187, 141, 46, 168, 59, 0, 129, 0, 63, 230, 58, 41, 50, 39, 51, 239, 46, 192, 114, 155, 59, 222, 233, 54, 187, 66, 73, 83, 60, 129, 0, 0, 63, 177, 58, 153, 51, 35, 58, 151, 58, 192, 114, 155, 59, 181, 56, 84, 59, 26, 68, 128, 60, 129, 0, 0, 63, 222, 58, 230, 50, 97, 59, 85, 59, 192, 114, 155, 59, 222, 233, 54, 187, 26, 68, 128, 60, 129, 0, 0, 63, 222, 58, 153, 51, 35, 58, 85, 59, 192, 114, 155, 59, 181, 56, 84, 59, 66, 73, 83, 60, 129, 0, 0, 63, 177, 58, 230, 50, 97, 59, 151, 58, 214, 74, 169, 59, 181, 56, 84, 59, 133, 247, 67, 57, 127, 0, 0, 63, 185, 58, 41, 50, 167, 53, 18, 54, 214, 74, 169, 59, 222, 233, 54, 187, 77, 108, 156, 59, 127, 0, 0, 63, 230, 58, 118, 49, 17, 56, 139, 55, 214, 74, 169, 59, 181, 56, 84, 59, 78, 108, 156, 59, 127, 0, 0, 63, 230, 58, 41, 50, 167, 53, 139, 55, 214, 74, 169, 59, 222, 233, 54, 187, 133, 247, 67, 57, 127, 0, 0, 63, 185, 58, 118, 49, 17, 56, 18, 54, 192, 114, 155, 187, 181, 56, 84, 59, 185, 61, 130, 60, 0, 0, 0, 1, 177, 58, 153, 51, 39, 51, 237, 59, 214, 74, 169, 187, 222, 233, 54, 187, 185, 61, 130, 60, 0, 0, 0, 1, 222, 58, 230, 50, 114, 51, 151, 58, 214, 74, 169, 187, 181, 56, 84, 59, 185, 61, 130, 60, 0, 0, 0, 1, 177, 58, 230, 50, 114, 51, 237, 59, 192, 114, 155, 187, 222, 233, 54, 187, 185, 61, 130, 60, 0, 0, 0, 1, 222, 58, 153, 51, 39, 51, 151, 58, 214, 74, 169, 187, 181, 56, 84, 59, 33, 165, 75, 60, 129, 0, 0, 63, 185, 58, 41, 50, 149, 51, 18, 54, 214, 74, 169, 187, 222, 233, 54, 187, 1, 98, 83, 60, 129, 0, 0, 63, 230, 58, 118, 49, 221, 51, 94, 56, 214, 74, 169, 187, 222, 233, 54, 187, 33, 165, 75, 60, 129, 0, 0, 63, 185, 58, 118, 49, 149, 51, 94, 56, 214, 74, 169, 187, 181, 56, 84, 59, 1, 98, 83, 60, 129, 0, 0, 63, 230, 58, 41, 50, 221, 51, 18, 54, 214, 74, 169, 59, 222, 233, 54, 187, 1, 98, 83, 60, 0, 129, 0, 63, 185, 58, 41, 50, 105, 32, 57, 52, 192, 114, 155, 59, 222, 233, 54, 187, 26, 68, 128, 60, 0, 129, 0, 63, 230, 58, 118, 49, 141, 36, 27, 53, 214, 74, 169, 59, 222, 233, 54, 187, 151, 15, 125, 60, 0, 129, 0, 63, 230, 58, 41, 50, 105, 32, 10, 53, 192, 114, 155, 59, 222, 233, 54, 187, 66, 73, 83, 60, 0, 129, 0, 63, 185, 58, 118, 49, 141, 36, 56, 52, 192, 114, 155, 59, 181, 56, 84, 59, 133, 247, 67, 57, 0, 127, 0, 63, 185, 58, 41, 50, 178, 52, 189, 32, 214, 74, 169, 59, 181, 56, 84, 59, 78, 108, 156, 59, 0, 127, 0, 63, 230, 58, 118, 49, 141, 52, 121, 46, 214, 74, 169, 59, 181, 56, 84, 59, 133, 247, 67, 57, 0, 127, 0, 63, 185, 58, 118, 49, 141, 52, 189, 32, 214, 74, 169, 187, 181, 56, 84, 59, 1, 98, 83, 60, 129, 0, 0, 63, 185, 58, 41, 50, 221, 51, 18, 54, 214, 74, 169, 187, 222, 233, 54, 187, 151, 15, 125, 60, 129, 0, 0, 63, 230, 58, 118, 49, 177, 52, 94, 56, 214, 74, 169, 187, 222, 233, 54, 187, 1, 98, 83, 60, 129, 0, 0, 63, 185, 58, 118, 49, 221, 51, 94, 56, 214, 74, 169, 187, 181, 56, 84, 59, 151, 15, 125, 60, 129, 0, 0, 63, 230, 58, 41, 50, 177, 52, 18, 54, 0, 0, 0, 0, 222, 233, 54, 187, 25, 110, 78, 60, 127, 0, 0, 63, 185, 58, 41, 50, 203, 59, 189, 32, 0, 0, 0, 0, 181, 56, 84, 59, 66, 73, 83, 60, 127, 0, 0, 63, 230, 58, 118, 49, 238, 59, 161, 49, 0, 0, 0, 0, 181, 56, 84, 59, 25, 110, 78, 60, 127, 0, 0, 63, 185, 58, 118, 49, 203, 59, 161, 49, 0, 0, 0, 0, 222, 233, 54, 187, 66, 73, 83, 60, 127, 0, 0, 63, 230, 58, 41, 50, 238, 59, 189, 32, 192, 114, 155, 59, 181, 56, 84, 59, 26, 68, 128, 60, 127, 127, 0, 1, 177, 58, 153, 51, 70, 58, 37, 58, 0, 0, 0, 0, 222, 233, 54, 187, 26, 68, 128, 60, 127, 127, 0, 1, 222, 58, 230, 50, 97, 57, 208, 56, 192, 114, 155, 59, 222, 233, 54, 187, 26, 68, 128, 60, 127, 127, 0, 1, 222, 58, 153, 51, 70, 58, 208, 56, 0, 0, 0, 0, 181, 56, 84, 59, 26, 68, 128, 60, 127, 127, 0, 1, 177, 58, 230, 50, 97, 57, 37, 58, 192, 114, 155, 59, 222, 233, 54, 187, 133, 247, 67, 57, 129, 0, 0, 63, 177, 58, 153, 51, 35, 58, 104, 51, 192, 114, 155, 59, 181, 56, 84, 59, 138, 130, 158, 59, 129, 0, 0, 63, 222, 58, 230, 50, 97, 59, 47, 53, 192, 114, 155, 59, 222, 233, 54, 187, 138, 130, 158, 59, 129, 0, 0, 63, 222, 58, 153, 51, 35, 58, 47, 53, 192, 114, 155, 59, 181, 56, 84, 59, 133, 247, 67, 57, 129, 0, 0, 63, 177, 58, 230, 50, 97, 59, 104, 51, 192, 114, 155, 187, 181, 56, 84, 59, 66, 73, 83, 60, 0, 127, 127, 127, 185, 58, 41, 50, 253, 55, 56, 52, 214, 74, 169, 187, 181, 56, 84, 59, 151, 15, 125, 60, 0, 127, 0, 63, 230, 58, 118, 49, 17, 56, 10, 53, 214, 74, 169, 187, 181, 56, 84, 59, 1, 98, 83, 60, 0, 127, 0, 63, 185, 58, 118, 49, 17, 56, 57, 52, 192, 114, 155, 187, 181, 56, 84, 59, 26, 68, 128, 60, 0, 127, 0, 63, 230, 58, 41, 50, 253, 55, 27, 53, 192, 114, 155, 187, 181, 56, 84, 59, 25, 110, 78, 60, 127, 127, 0, 1, 177, 58, 153, 51, 141, 52, 85, 59, 192, 114, 155, 187, 222, 233, 54, 187, 25, 110, 78, 60, 127, 127, 0, 1, 222, 58, 153, 51, 141, 52, 0, 58, 192, 114, 155, 59, 222, 233, 54, 187, 185, 61, 130, 60, 0, 0, 0, 127, 177, 58, 153, 51, 141, 36, 151, 58, 0, 0, 0, 0, 181, 56, 84, 59, 185, 61, 130, 60, 0, 0, 0, 127, 222, 58, 230, 50, 185, 47, 237, 59, 192, 114, 155, 59, 181, 56, 84, 59, 185, 61, 130, 60, 0, 0, 0, 127, 222, 58, 153, 51, 141, 36, 237, 59, 0, 0, 0, 0, 222, 233, 54, 187, 185, 61, 130, 60, 0, 0, 0, 127, 177, 58, 230, 50, 185, 47, 151, 58, 214, 74, 169, 59, 222, 233, 54, 187, 133, 247, 67, 57, 0, 129, 0, 63, 185, 58, 41, 50, 105, 32, 189, 32, 192, 114, 155, 59, 222, 233, 54, 187, 138, 130, 158, 59, 0, 129, 0, 63, 230, 58, 118, 49, 141, 36, 142, 46, 214, 74, 169, 59, 222, 233, 54, 187, 77, 108, 156, 59, 0, 129, 0, 63, 230, 58, 41, 50, 105, 32, 121, 46, 192, 114, 155, 59, 222, 233, 54, 187, 133, 247, 67, 57, 0, 129, 0, 63, 185, 58, 118, 49, 141, 36, 189, 32, 192, 114, 155, 187, 222, 233, 54, 187, 66, 73, 83, 60, 127, 0, 0, 63, 177, 58, 153, 51, 176, 58, 208, 56, 192, 114, 155, 187, 181, 56, 84, 59, 26, 68, 128, 60, 127, 0, 0, 63, 222, 58, 230, 50, 97, 59, 37, 58, 192, 114, 155, 187, 181, 56, 84, 59, 66, 73, 83, 60, 127, 0, 0, 63, 177, 58, 230, 50, 176, 58, 37, 58, 192, 114, 155, 187, 222, 233, 54, 187, 26, 68, 128, 60, 127, 0, 0, 63, 222, 58, 153, 51, 97, 59, 208, 56, 192, 114, 155, 187, 181, 56, 84, 59, 25, 110, 78, 60, 0, 127, 127, 127, 230, 58, 41, 50, 253, 55, 32, 52, 192, 114, 155, 59, 181, 56, 84, 59, 185, 61, 130, 60, 0, 127, 127, 127, 185, 58, 41, 50, 178, 52, 47, 53, 214, 74, 169, 59, 181, 56, 84, 59, 78, 108, 156, 59, 127, 0, 0, 63, 185, 58, 41, 50, 167, 53, 139, 55, 214, 74, 169, 59, 222, 233, 54, 187, 235, 44, 183, 59, 127, 0, 0, 63, 230, 58, 118, 49, 17, 56, 206, 55, 214, 74, 169, 59, 181, 56, 84, 59, 235, 44, 183, 59, 127, 0, 0, 63, 230, 58, 41, 50, 167, 53, 206, 55, 214, 74, 169, 59, 222, 233, 54, 187, 77, 108, 156, 59, 127, 0, 0, 63, 185, 58, 118, 49, 17, 56, 139, 55, 214, 74, 169, 187, 222, 233, 54, 187, 1, 98, 83, 60, 0, 129, 0, 63, 185, 58, 41, 50, 114, 51, 57, 52, 192, 114, 155, 187, 222, 233, 54, 187, 26, 68, 128, 60, 0, 129, 0, 63, 230, 58, 118, 49, 39, 51, 27, 53, 192, 114, 155, 187, 222, 233, 54, 187, 66, 73, 83, 60, 0, 129, 0, 63, 185, 58, 118, 49, 39, 51, 56, 52, 214, 74, 169, 187, 222, 233, 54, 187, 151, 15, 125, 60, 0, 129, 0, 63, 230, 58, 41, 50, 114, 51, 10, 53, 192, 114, 155, 187, 222, 233, 54, 187, 66, 73, 83, 60, 0, 0, 0, 127, 177, 58, 153, 51, 123, 56, 0, 52, 192, 114, 155, 187, 181, 56, 84, 59, 66, 73, 83, 60, 0, 0, 0, 127, 222, 58, 153, 51, 185, 57, 0, 52, 214, 74, 169, 59, 222, 233, 54, 187, 235, 44, 183, 59, 0, 129, 0, 63, 185, 58, 41, 50, 105, 32, 133, 47, 192, 114, 155, 59, 222, 233, 54, 187, 25, 110, 78, 60, 0, 129, 0, 63, 230, 58, 118, 49, 141, 36, 32, 52, 214, 74, 169, 59, 222, 233, 54, 187, 33, 165, 75, 60, 0, 129, 0, 63, 230, 58, 41, 50, 105, 32, 18, 52, 192, 114, 155, 59, 222, 233, 54, 187, 141, 46, 168, 59, 0, 129, 0, 63, 185, 58, 118, 49, 141, 36, 239, 46, 192, 114, 155, 59, 181, 56, 84, 59, 138, 130, 158, 59, 0, 127, 0, 63, 185, 58, 41, 50, 178, 52, 142, 46, 214, 74, 169, 59, 181, 56, 84, 59, 235, 44, 183, 59, 0, 127, 0, 63, 230, 58, 118, 49, 141, 52, 133, 47, 192, 114, 155, 59, 181, 56, 84, 59, 141, 46, 168, 59, 0, 127, 0, 63, 230, 58, 41, 50, 178, 52, 239, 46, 214, 74, 169, 59, 181, 56, 84, 59, 78, 108, 156, 59, 0, 127, 0, 63, 185, 58, 118, 49, 141, 52, 121, 46, 0, 0, 0, 0, 222, 233, 54, 187, 26, 68, 128, 60, 127, 0, 0, 63, 185, 58, 41, 50, 203, 59, 104, 51, 0, 0, 0, 0, 181, 56, 84, 59, 185, 61, 130, 60, 127, 0, 0, 63, 230, 58, 118, 49, 238, 59, 94, 54, 0, 0, 0, 0, 181, 56, 84, 59, 26, 68, 128, 60, 127, 0, 0, 63, 185, 58, 118, 49, 203, 59, 94, 54, 0, 0, 0, 0, 222, 233, 54, 187, 185, 61, 130, 60, 127, 0, 0, 63, 230, 58, 41, 50, 238, 59, 104, 51, 214, 74, 169, 187, 181, 56, 84, 59, 133, 247, 67, 57, 129, 0, 0, 63, 185, 58, 41, 50, 105, 32, 18, 54, 214, 74, 169, 187, 222, 233, 54, 187, 77, 108, 156, 59, 129, 0, 0, 63, 230, 58, 118, 49, 7, 46, 94, 56, 214, 74, 169, 187, 222, 233, 54, 187, 133, 247, 67, 57, 129, 0, 0, 63, 185, 58, 118, 49, 105, 32, 94, 56, 214, 74, 169, 187, 181, 56, 84, 59, 78, 108, 156, 59, 129, 0, 0, 63, 230, 58, 41, 50, 7, 46, 18, 54, 192, 114, 155, 59, 222, 233, 54, 187, 141, 46, 168, 59, 129, 0, 0, 63, 177, 58, 153, 51, 35, 58, 189, 32, 192, 114, 155, 59, 181, 56, 84, 59, 25, 110, 78, 60, 129, 0, 0, 63, 222, 58, 230, 50, 97, 59, 161, 49, 192, 114, 155, 59, 222, 233, 54, 187, 25, 110, 78, 60, 129, 0, 0, 63, 222, 58, 153, 51, 35, 58, 161, 49, 192, 114, 155, 59, 181, 56, 84, 59, 141, 46, 168, 59, 129, 0, 0, 63, 177, 58, 230, 50, 97, 59, 189, 32, 192, 114, 155, 59, 222, 233, 54, 187, 141, 46, 168, 59, 0, 0, 0, 127, 177, 58, 153, 51, 105, 32, 208, 56, 192, 114, 155, 59, 181, 56, 84, 59, 141, 46, 168, 59, 0, 0, 0, 127, 222, 58, 153, 51, 105, 32, 37, 58, 192, 114, 155, 187, 181, 56, 84, 59, 26, 68, 128, 60, 127, 127, 0, 1, 177, 58, 153, 51, 123, 56, 37, 58, 192, 114, 155, 187, 222, 233, 54, 187, 26, 68, 128, 60, 127, 127, 0, 1, 222, 58, 153, 51, 123, 56, 208, 56, 192, 114, 155, 187, 181, 56, 84, 59, 133, 247, 67, 57, 0, 127, 0, 63, 185, 58, 41, 50, 253, 55, 189, 32, 214, 74, 169, 187, 181, 56, 84, 59, 78, 108, 156, 59, 0, 127, 0, 63, 230, 58, 118, 49, 17, 56, 121, 46, 214, 74, 169, 187, 181, 56, 84, 59, 133, 247, 67, 57, 0, 127, 0, 63, 185, 58, 118, 49, 17, 56, 189, 32, 192, 114, 155, 187, 181, 56, 84, 59, 138, 130, 158, 59, 0, 127, 0, 63, 230, 58, 41, 50, 253, 55, 142, 46, 214, 74, 169, 59, 181, 56, 84, 59, 33, 165, 75, 60, 0, 127, 0, 63, 230, 58, 118, 49, 141, 52, 18, 52, 214, 74, 169, 59, 181, 56, 84, 59, 235, 44, 183, 59, 0, 127, 0, 63, 185, 58, 118, 49, 141, 52, 133, 47, 214, 74, 169, 59, 222, 233, 54, 187, 77, 108, 156, 59, 0, 129, 0, 63, 185, 58, 41, 50, 105, 32, 121, 46, 192, 114, 155, 59, 222, 233, 54, 187, 141, 46, 168, 59, 0, 129, 0, 63, 230, 58, 118, 49, 141, 36, 239, 46, 214, 74, 169, 59, 222, 233, 54, 187, 235, 44, 183, 59, 0, 129, 0, 63, 230, 58, 41, 50, 105, 32, 133, 47, 192, 114, 155, 59, 222, 233, 54, 187, 138, 130, 158, 59, 0, 129, 0, 63, 185, 58, 118, 49, 141, 36, 142, 46, 192, 114, 155, 187, 222, 233, 54, 187, 185, 61, 130, 60, 0, 0, 0, 127, 177, 58, 153, 51, 39, 51, 151, 58, 192, 114, 155, 187, 181, 56, 84, 59, 185, 61, 130, 60, 0, 0, 0, 127, 222, 58, 153, 51, 39, 51, 237, 59, 192, 114, 155, 187, 222, 233, 54, 187, 133, 247, 67, 57, 127, 0, 0, 63, 177, 58, 153, 51, 35, 58, 18, 54, 192, 114, 155, 187, 181, 56, 84, 59, 138, 130, 158, 59, 127, 0, 0, 63, 222, 58, 230, 50, 211, 58, 94, 56, 192, 114, 155, 187, 181, 56, 84, 59, 133, 247, 67, 57, 127, 0, 0, 63, 177, 58, 230, 50, 35, 58, 94, 56, 192, 114, 155, 187, 222, 233, 54, 187, 138, 130, 158, 59, 127, 0, 0, 63, 222, 58, 153, 51, 211, 58, 18, 54 ),
"array_index_data": PoolByteArray( 0, 0, 1, 0, 2, 0, 1, 0, 0, 0, 3, 0, 4, 0, 5, 0, 6, 0, 5, 0, 4, 0, 7, 0, 8, 0, 9, 0, 10, 0, 9, 0, 8, 0, 11, 0, 12, 0, 13, 0, 14, 0, 13, 0, 12, 0, 15, 0, 16, 0, 17, 0, 18, 0, 17, 0, 16, 0, 19, 0, 20, 0, 21, 0, 22, 0, 21, 0, 20, 0, 23, 0, 24, 0, 25, 0, 26, 0, 25, 0, 24, 0, 27, 0, 28, 0, 29, 0, 30, 0, 29, 0, 28, 0, 31, 0, 32, 0, 33, 0, 34, 0, 33, 0, 32, 0, 35, 0, 36, 0, 37, 0, 38, 0, 37, 0, 36, 0, 39, 0, 40, 0, 41, 0, 42, 0, 41, 0, 40, 0, 43, 0, 44, 0, 45, 0, 46, 0, 45, 0, 44, 0, 47, 0, 48, 0, 49, 0, 50, 0, 49, 0, 48, 0, 51, 0, 52, 0, 53, 0, 54, 0, 53, 0, 52, 0, 55, 0, 56, 0, 57, 0, 58, 0, 57, 0, 56, 0, 59, 0, 60, 0, 61, 0, 62, 0, 61, 0, 60, 0, 63, 0, 64, 0, 65, 0, 66, 0, 65, 0, 64, 0, 67, 0, 68, 0, 69, 0, 70, 0, 69, 0, 68, 0, 71, 0, 72, 0, 73, 0, 74, 0, 73, 0, 72, 0, 75, 0, 76, 0, 77, 0, 78, 0, 77, 0, 76, 0, 79, 0, 80, 0, 81, 0, 82, 0, 81, 0, 80, 0, 83, 0, 84, 0, 85, 0, 86, 0, 85, 0, 84, 0, 87, 0, 88, 0, 89, 0, 90, 0, 89, 0, 88, 0, 91, 0, 92, 0, 25, 0, 27, 0, 25, 0, 92, 0, 93, 0, 94, 0, 95, 0, 96, 0, 95, 0, 94, 0, 97, 0, 98, 0, 99, 0, 100, 0, 99, 0, 98, 0, 101, 0, 102, 0, 103, 0, 104, 0, 103, 0, 102, 0, 105, 0, 106, 0, 107, 0, 108, 0, 107, 0, 106, 0, 109, 0, 110, 0, 111, 0, 112, 0, 111, 0, 110, 0, 113, 0, 114, 0, 115, 0, 116, 0, 115, 0, 114, 0, 117, 0, 76, 0, 9, 0, 11, 0, 9, 0, 76, 0, 118, 0, 119, 0, 120, 0, 121, 0, 120, 0, 119, 0, 122, 0, 123, 0, 124, 0, 125, 0, 124, 0, 123, 0, 126, 0, 127, 0, 128, 0, 129, 0, 128, 0, 127, 0, 130, 0, 131, 0, 49, 0, 51, 0, 49, 0, 131, 0, 132, 0, 133, 0, 33, 0, 35, 0, 33, 0, 133, 0, 134, 0, 123, 0, 135, 0, 136, 0, 135, 0, 123, 0, 137, 0, 138, 0, 139, 0, 140, 0, 139, 0, 138, 0, 141, 0, 142, 0, 143, 0, 144, 0, 143, 0, 142, 0, 145, 0, 146, 0, 147, 0, 148, 0, 147, 0, 146, 0, 149, 0, 150, 0, 53, 0, 55, 0, 53, 0, 150, 0, 151, 0, 152, 0, 153, 0, 154, 0, 153, 0, 152, 0, 155, 0, 156, 0, 157, 0, 158, 0, 157, 0, 156, 0, 159, 0, 160, 0, 161, 0, 162, 0, 161, 0, 160, 0, 163, 0, 164, 0, 165, 0, 166, 0, 165, 0, 164, 0, 167, 0, 168, 0, 169, 0, 170, 0, 169, 0, 168, 0, 171, 0, 172, 0, 173, 0, 10, 0, 173, 0, 172, 0, 174, 0, 175, 0, 176, 0, 177, 0, 176, 0, 175, 0, 178, 0, 179, 0, 180, 0, 181, 0, 180, 0, 179, 0, 182, 0, 183, 0, 184, 0, 185, 0, 184, 0, 183, 0, 186, 0, 187, 0, 188, 0, 189, 0, 188, 0, 187, 0, 190, 0, 191, 0, 192, 0, 193, 0, 192, 0, 191, 0, 194, 0, 195, 0, 107, 0, 109, 0, 107, 0, 195, 0, 196, 0, 197, 0, 198, 0, 199, 0, 198, 0, 197, 0, 200, 0, 201, 0, 202, 0, 203, 0, 202, 0, 201, 0, 204, 0, 205, 0, 206, 0, 207, 0, 206, 0, 205, 0, 208, 0, 191, 0, 124, 0, 126, 0, 124, 0, 191, 0, 209, 0, 210, 0, 13, 0, 136, 0, 13, 0, 210, 0, 14, 0, 211, 0, 212, 0, 213, 0, 212, 0, 211, 0, 214, 0, 215, 0, 216, 0, 217, 0, 216, 0, 215, 0, 218, 0, 219, 0, 139, 0, 141, 0, 139, 0, 219, 0, 220, 0, 221, 0, 222, 0, 223, 0, 222, 0, 221, 0, 224, 0, 225, 0, 226, 0, 227, 0, 226, 0, 225, 0, 228, 0, 229, 0, 230, 0, 231, 0, 230, 0, 229, 0, 232, 0, 233, 0, 234, 0, 235, 0, 234, 0, 233, 0, 236, 0, 237, 0, 238, 0, 239, 0, 238, 0, 237, 0, 240, 0, 241, 0, 61, 0, 242, 0, 61, 0, 241, 0, 62, 0, 243, 0, 184, 0, 186, 0, 184, 0, 243, 0, 244, 0, 245, 0, 246, 0, 247, 0, 246, 0, 245, 0, 248, 0, 8, 0, 249, 0, 125, 0, 249, 0, 8, 0, 250, 0, 251, 0, 252, 0, 253, 0, 252, 0, 251, 0, 254, 0, 255, 0, 198, 0, 200, 0, 198, 0, 255, 0, 0, 1, 1, 1, 2, 1, 3, 1, 2, 1, 1, 1, 4, 1 ),
"blend_shape_data": [  ],
"format": 2194743,
"index_count": 438,
"material": SubResource( 1 ),
"primitive": 4,
"skeleton_aabb": [  ],
"vertex_count": 261
}
