[gd_resource type="ArrayMesh" load_steps=3 format=2]

[ext_resource path="res://models/nordictavern/Texture.png" type="Texture" id=1]

[sub_resource type="SpatialMaterial" id=1]
albedo_texture = ExtResource( 1 )

[resource]
lightmap_size_hint = Vector2( 58, 58 )
blend_shape_mode = 0
surfaces/0 = {
"aabb": AABB( -0.00363161, -0.00363161, 0.000843966, 0.00726322, 0.00726322, 0.00880121 ),
"array_data": PoolByteArray( 75, 0, 110, 187, 132, 186, 50, 177, 184, 255, 217, 59, 156, 25, 0, 63, 59, 53, 230, 59, 8, 59, 238, 59, 117, 29, 78, 187, 48, 0, 238, 58, 103, 97, 233, 59, 156, 25, 0, 63, 164, 53, 177, 59, 176, 58, 203, 59, 75, 0, 110, 187, 132, 186, 50, 177, 103, 97, 233, 59, 156, 25, 0, 63, 164, 53, 230, 59, 8, 59, 203, 59, 117, 29, 78, 187, 48, 0, 238, 58, 184, 255, 217, 59, 156, 25, 0, 63, 59, 53, 177, 59, 176, 58, 238, 59, 233, 83, 38, 59, 1, 15, 192, 58, 148, 61, 93, 58, 104, 41, 19, 69, 181, 58, 116, 53, 23, 57, 176, 48, 239, 70, 102, 59, 84, 45, 149, 176, 211, 167, 92, 59, 104, 41, 19, 69, 234, 58, 11, 53, 185, 57, 114, 51, 5, 109, 71, 59, 233, 70, 230, 58, 211, 167, 92, 59, 104, 41, 19, 69, 234, 58, 116, 53, 8, 57, 114, 51, 239, 70, 102, 59, 84, 45, 149, 176, 211, 167, 92, 59, 104, 41, 23, 63, 234, 58, 11, 53, 185, 57, 114, 51, 233, 83, 38, 59, 1, 15, 192, 58, 148, 61, 93, 58, 104, 41, 23, 63, 181, 58, 116, 53, 23, 57, 176, 48, 9, 15, 64, 59, 82, 81, 159, 176, 148, 61, 93, 58, 104, 41, 23, 63, 181, 58, 11, 53, 170, 57, 176, 48, 83, 90, 59, 175, 239, 70, 102, 59, 103, 97, 233, 59, 22, 84, 0, 51, 181, 58, 116, 53, 123, 58, 176, 48, 10, 15, 192, 58, 228, 83, 38, 59, 206, 6, 30, 60, 22, 84, 0, 51, 234, 58, 11, 53, 197, 58, 114, 51, 171, 195, 84, 175, 7, 15, 64, 59, 206, 6, 30, 60, 22, 84, 0, 51, 234, 58, 116, 53, 123, 58, 92, 51, 10, 15, 192, 58, 228, 83, 38, 59, 206, 6, 30, 60, 22, 84, 245, 53, 234, 58, 11, 53, 197, 58, 114, 51, 83, 90, 59, 175, 239, 70, 102, 59, 103, 97, 233, 59, 22, 84, 245, 53, 181, 58, 116, 53, 123, 58, 176, 48, 242, 70, 230, 58, 0, 109, 71, 59, 103, 97, 233, 59, 22, 84, 245, 53, 181, 58, 11, 53, 211, 58, 202, 48, 242, 70, 230, 58, 0, 109, 71, 59, 211, 167, 92, 59, 127, 127, 156, 76, 59, 53, 230, 59, 228, 53, 58, 44, 137, 63, 53, 175, 69, 0, 110, 59, 211, 167, 92, 59, 127, 127, 156, 76, 164, 53, 177, 59, 238, 53, 217, 46, 83, 90, 59, 175, 239, 70, 102, 59, 211, 167, 92, 59, 127, 127, 156, 76, 164, 53, 230, 59, 228, 53, 205, 46, 71, 0, 238, 58, 108, 29, 78, 59, 211, 167, 92, 59, 127, 127, 156, 76, 59, 53, 177, 59, 238, 53, 47, 44, 117, 117, 64, 175, 215, 217, 52, 59, 206, 6, 30, 60, 25, 156, 156, 50, 181, 58, 116, 53, 97, 59, 17, 50, 235, 217, 180, 186, 22, 159, 28, 59, 134, 35, 29, 60, 25, 156, 156, 50, 234, 58, 11, 53, 61, 59, 114, 51, 235, 217, 180, 186, 22, 159, 28, 59, 206, 6, 30, 60, 25, 156, 156, 50, 234, 58, 116, 53, 97, 59, 114, 51, 117, 117, 64, 175, 215, 217, 52, 59, 134, 35, 29, 60, 25, 156, 156, 50, 181, 58, 11, 53, 61, 59, 17, 50, 30, 159, 28, 59, 210, 217, 180, 58, 206, 6, 30, 60, 193, 193, 193, 95, 181, 58, 116, 53, 61, 59, 105, 32, 217, 217, 180, 58, 26, 159, 28, 59, 134, 35, 29, 60, 193, 193, 193, 95, 234, 58, 11, 53, 97, 59, 17, 46, 217, 217, 180, 58, 26, 159, 28, 59, 206, 6, 30, 60, 193, 193, 193, 95, 234, 58, 116, 53, 61, 59, 17, 46, 30, 159, 28, 59, 210, 217, 180, 58, 134, 35, 29, 60, 193, 193, 193, 95, 181, 58, 11, 53, 97, 59, 105, 32, 242, 70, 230, 58, 0, 109, 71, 59, 167, 87, 120, 59, 0, 0, 62, 31, 59, 53, 230, 59, 179, 33, 41, 56, 114, 29, 78, 59, 62, 0, 238, 58, 167, 87, 120, 59, 0, 0, 62, 31, 164, 53, 177, 59, 105, 32, 170, 55, 5, 109, 71, 59, 233, 70, 230, 58, 167, 87, 120, 59, 0, 0, 62, 31, 164, 53, 230, 59, 179, 33, 173, 55, 71, 0, 238, 58, 108, 29, 78, 59, 167, 87, 120, 59, 0, 0, 62, 31, 59, 53, 177, 59, 105, 32, 42, 56, 242, 70, 230, 58, 0, 109, 71, 59, 103, 97, 233, 59, 53, 53, 245, 53, 181, 58, 116, 53, 123, 56, 156, 57, 233, 83, 38, 59, 1, 15, 192, 58, 206, 6, 30, 60, 53, 53, 245, 53, 234, 58, 11, 53, 211, 56, 65, 58, 10, 15, 192, 58, 228, 83, 38, 59, 206, 6, 30, 60, 53, 53, 245, 53, 234, 58, 116, 53, 138, 56, 70, 58, 233, 83, 38, 59, 1, 15, 192, 58, 206, 6, 30, 60, 53, 53, 237, 57, 234, 58, 11, 53, 211, 56, 65, 58, 242, 70, 230, 58, 0, 109, 71, 59, 103, 97, 233, 59, 53, 53, 237, 57, 181, 58, 116, 53, 123, 56, 156, 57, 5, 109, 71, 59, 233, 70, 230, 58, 103, 97, 233, 59, 53, 53, 237, 57, 181, 58, 11, 53, 211, 56, 150, 57, 111, 29, 78, 187, 92, 0, 238, 186, 184, 255, 217, 59, 156, 231, 0, 63, 59, 53, 230, 59, 97, 59, 238, 59, 75, 0, 110, 187, 132, 186, 50, 177, 103, 97, 233, 59, 156, 231, 0, 63, 164, 53, 177, 59, 8, 59, 203, 59, 111, 29, 78, 187, 92, 0, 238, 186, 103, 97, 233, 59, 156, 231, 0, 63, 164, 53, 230, 59, 97, 59, 203, 59, 75, 0, 110, 187, 132, 186, 50, 177, 184, 255, 217, 59, 156, 231, 0, 63, 59, 53, 177, 59, 8, 59, 238, 59, 236, 70, 230, 186, 11, 109, 71, 187, 103, 97, 233, 59, 0, 0, 193, 95, 59, 53, 230, 59, 58, 44, 179, 33, 111, 29, 78, 187, 92, 0, 238, 186, 103, 97, 233, 59, 0, 0, 193, 95, 164, 53, 177, 59, 217, 46, 105, 32, 4, 109, 71, 187, 5, 71, 230, 186, 103, 97, 233, 59, 0, 0, 193, 95, 164, 53, 230, 59, 205, 46, 179, 33, 65, 0, 238, 186, 120, 29, 78, 187, 103, 97, 233, 59, 0, 0, 193, 95, 59, 53, 177, 59, 47, 44, 105, 32, 221, 217, 52, 187, 73, 104, 31, 177, 206, 6, 30, 60, 100, 25, 26, 13, 181, 58, 116, 53, 238, 57, 211, 58, 30, 159, 28, 187, 237, 217, 180, 186, 134, 35, 29, 60, 100, 25, 26, 13, 234, 58, 11, 53, 70, 58, 176, 58, 30, 159, 28, 187, 237, 217, 180, 186, 206, 6, 30, 60, 100, 25, 26, 13, 234, 58, 116, 53, 70, 58, 211, 58, 221, 217, 52, 187, 73, 104, 31, 177, 134, 35, 29, 60, 100, 25, 26, 13, 181, 58, 11, 53, 238, 57, 176, 58, 10, 15, 192, 58, 228, 83, 38, 59, 148, 61, 93, 58, 71, 71, 16, 70, 181, 58, 116, 53, 123, 58, 230, 45, 5, 109, 71, 59, 233, 70, 230, 58, 211, 167, 92, 59, 71, 71, 13, 71, 234, 58, 11, 53, 35, 58, 8, 34, 242, 70, 230, 58, 0, 109, 71, 59, 211, 167, 92, 59, 71, 71, 11, 73, 234, 58, 116, 53, 123, 58, 105, 32, 233, 83, 38, 59, 1, 15, 192, 58, 148, 61, 93, 58, 71, 71, 19, 69, 181, 58, 11, 53, 49, 58, 17, 46, 5, 109, 71, 59, 233, 70, 230, 58, 103, 97, 233, 59, 84, 22, 237, 57, 181, 58, 116, 53, 211, 56, 150, 57, 9, 15, 64, 59, 82, 81, 159, 176, 206, 6, 30, 60, 84, 22, 237, 57, 234, 58, 11, 53, 29, 57, 70, 58, 233, 83, 38, 59, 1, 15, 192, 58, 206, 6, 30, 60, 84, 22, 237, 57, 234, 58, 116, 53, 211, 56, 65, 58, 9, 15, 64, 59, 82, 81, 159, 176, 206, 6, 30, 60, 84, 22, 233, 63, 234, 58, 11, 53, 29, 57, 70, 58, 5, 109, 71, 59, 233, 70, 230, 58, 103, 97, 233, 59, 84, 22, 233, 63, 181, 58, 116, 53, 211, 56, 150, 57, 239, 70, 102, 59, 84, 45, 149, 176, 103, 97, 233, 59, 84, 22, 233, 63, 181, 58, 11, 53, 44, 57, 156, 57, 65, 0, 238, 186, 120, 29, 78, 187, 184, 255, 217, 59, 193, 193, 0, 63, 59, 53, 230, 59, 211, 52, 35, 58, 111, 29, 78, 187, 92, 0, 238, 186, 103, 97, 233, 59, 193, 193, 0, 63, 164, 53, 177, 59, 141, 52, 211, 58, 65, 0, 238, 186, 120, 29, 78, 187, 103, 97, 233, 59, 193, 193, 0, 63, 164, 53, 230, 59, 141, 52, 35, 58, 111, 29, 78, 187, 92, 0, 238, 186, 184, 255, 217, 59, 193, 193, 0, 63, 59, 53, 177, 59, 211, 52, 211, 58, 242, 70, 230, 58, 0, 109, 71, 59, 184, 255, 217, 59, 127, 127, 156, 76, 59, 53, 230, 59, 158, 51, 30, 55, 137, 63, 53, 175, 69, 0, 110, 59, 184, 255, 217, 59, 127, 127, 156, 76, 164, 53, 177, 59, 91, 52, 194, 54, 83, 90, 59, 175, 239, 70, 102, 59, 184, 255, 217, 59, 127, 127, 156, 76, 164, 53, 230, 59, 94, 52, 204, 54, 71, 0, 238, 58, 108, 29, 78, 59, 184, 255, 217, 59, 127, 127, 156, 76, 59, 53, 177, 59, 143, 51, 23, 55, 37, 22, 131, 47, 222, 217, 52, 187, 206, 6, 30, 60, 231, 100, 100, 76, 181, 58, 116, 53, 114, 55, 176, 58, 220, 217, 180, 58, 36, 159, 28, 187, 134, 35, 29, 60, 231, 100, 100, 76, 234, 58, 11, 53, 194, 54, 211, 58, 220, 217, 180, 58, 36, 159, 28, 187, 206, 6, 30, 60, 231, 100, 100, 76, 234, 58, 116, 53, 194, 54, 176, 58, 37, 22, 131, 47, 222, 217, 52, 187, 134, 35, 29, 60, 231, 100, 100, 76, 181, 58, 11, 53, 114, 55, 211, 58, 4, 109, 71, 187, 5, 71, 230, 186, 184, 255, 217, 59, 127, 127, 62, 31, 59, 53, 230, 59, 228, 53, 41, 56, 65, 0, 238, 186, 120, 29, 78, 187, 184, 255, 217, 59, 127, 127, 62, 31, 164, 53, 177, 59, 153, 53, 116, 56, 236, 70, 230, 186, 11, 109, 71, 187, 184, 255, 217, 59, 127, 127, 62, 31, 164, 53, 230, 59, 145, 53, 112, 56, 111, 29, 78, 187, 92, 0, 238, 186, 184, 255, 217, 59, 127, 127, 62, 31, 59, 53, 177, 59, 238, 53, 42, 56, 239, 70, 102, 59, 84, 45, 149, 176, 103, 97, 233, 59, 84, 234, 233, 63, 181, 58, 116, 53, 176, 48, 15, 57, 233, 83, 38, 59, 21, 15, 192, 186, 206, 6, 30, 60, 84, 234, 233, 63, 234, 58, 11, 53, 20, 50, 179, 57, 9, 15, 64, 59, 82, 81, 159, 176, 206, 6, 30, 60, 84, 234, 233, 63, 234, 58, 116, 53, 235, 48, 185, 57, 233, 83, 38, 59, 21, 15, 192, 186, 206, 6, 30, 60, 84, 234, 237, 69, 234, 58, 11, 53, 20, 50, 179, 57, 239, 70, 102, 59, 84, 45, 149, 176, 103, 97, 233, 59, 84, 234, 237, 69, 181, 58, 116, 53, 176, 48, 15, 57, 5, 109, 71, 59, 252, 70, 230, 186, 103, 97, 233, 59, 84, 234, 237, 69, 181, 58, 11, 53, 20, 50, 8, 57, 183, 214, 210, 47, 74, 0, 110, 187, 184, 255, 217, 59, 231, 156, 0, 63, 59, 53, 230, 59, 238, 57, 203, 59, 65, 0, 238, 186, 120, 29, 78, 187, 103, 97, 233, 59, 231, 156, 0, 63, 164, 53, 177, 59, 70, 58, 238, 59, 183, 214, 210, 47, 74, 0, 110, 187, 103, 97, 233, 59, 231, 156, 0, 63, 164, 53, 230, 59, 238, 57, 238, 59, 65, 0, 238, 186, 120, 29, 78, 187, 184, 255, 217, 59, 231, 156, 0, 63, 59, 53, 177, 59, 70, 58, 203, 59, 4, 109, 71, 187, 5, 71, 230, 186, 167, 87, 120, 59, 0, 0, 230, 113, 59, 53, 230, 59, 41, 49, 41, 56, 75, 0, 110, 187, 132, 186, 50, 177, 167, 87, 120, 59, 0, 0, 230, 113, 164, 53, 177, 59, 147, 48, 116, 56, 245, 70, 102, 187, 2, 75, 48, 177, 167, 87, 120, 59, 0, 0, 230, 113, 164, 53, 230, 59, 132, 48, 112, 56, 111, 29, 78, 187, 92, 0, 238, 186, 167, 87, 120, 59, 0, 0, 230, 113, 59, 53, 177, 59, 61, 49, 42, 56, 216, 217, 52, 59, 82, 81, 159, 176, 206, 6, 30, 60, 156, 231, 230, 113, 181, 58, 116, 53, 8, 59, 211, 58, 30, 159, 28, 59, 210, 217, 180, 58, 134, 35, 29, 60, 156, 231, 230, 113, 234, 58, 11, 53, 97, 59, 176, 58, 30, 159, 28, 59, 210, 217, 180, 58, 206, 6, 30, 60, 156, 231, 230, 113, 234, 58, 116, 53, 97, 59, 211, 58, 216, 217, 52, 59, 82, 81, 159, 176, 134, 35, 29, 60, 156, 231, 230, 113, 181, 58, 11, 53, 8, 59, 176, 58, 171, 195, 84, 175, 7, 15, 64, 59, 148, 61, 93, 58, 41, 104, 0, 75, 181, 58, 116, 53, 197, 58, 17, 46, 242, 70, 230, 58, 0, 109, 71, 59, 211, 167, 92, 59, 41, 104, 0, 75, 234, 58, 11, 53, 123, 58, 105, 32, 83, 90, 59, 175, 239, 70, 102, 59, 211, 167, 92, 59, 41, 104, 0, 75, 234, 58, 116, 53, 211, 58, 8, 34, 242, 70, 230, 58, 0, 109, 71, 59, 211, 167, 92, 59, 41, 104, 11, 73, 234, 58, 11, 53, 123, 58, 105, 32, 171, 195, 84, 175, 7, 15, 64, 59, 148, 61, 93, 58, 41, 104, 11, 73, 181, 58, 116, 53, 197, 58, 17, 46, 10, 15, 192, 58, 228, 83, 38, 59, 148, 61, 93, 58, 41, 104, 11, 73, 181, 58, 11, 53, 123, 58, 230, 45, 5, 109, 71, 59, 252, 70, 230, 186, 103, 97, 233, 59, 53, 203, 237, 69, 181, 58, 116, 53, 20, 50, 8, 57, 13, 15, 192, 58, 238, 83, 38, 187, 206, 6, 30, 60, 53, 203, 237, 69, 234, 58, 11, 53, 56, 51, 185, 57, 233, 83, 38, 59, 21, 15, 192, 186, 206, 6, 30, 60, 53, 203, 237, 69, 234, 58, 116, 53, 20, 50, 179, 57, 13, 15, 192, 58, 238, 83, 38, 187, 206, 6, 30, 60, 53, 203, 245, 73, 234, 58, 11, 53, 56, 51, 185, 57, 5, 109, 71, 59, 252, 70, 230, 186, 103, 97, 233, 59, 53, 203, 245, 73, 181, 58, 116, 53, 20, 50, 8, 57, 244, 70, 230, 58, 10, 109, 71, 187, 103, 97, 233, 59, 53, 203, 245, 73, 181, 58, 11, 53, 114, 51, 15, 57, 74, 0, 238, 58, 117, 29, 78, 187, 184, 255, 217, 59, 25, 156, 0, 63, 59, 53, 230, 59, 150, 57, 203, 59, 183, 214, 210, 47, 74, 0, 110, 187, 103, 97, 233, 59, 25, 156, 0, 63, 164, 53, 177, 59, 238, 57, 238, 59, 74, 0, 238, 58, 117, 29, 78, 187, 103, 97, 233, 59, 25, 156, 0, 63, 164, 53, 230, 59, 150, 57, 238, 59, 183, 214, 210, 47, 74, 0, 110, 187, 184, 255, 217, 59, 25, 156, 0, 63, 59, 53, 177, 59, 238, 57, 203, 59, 83, 90, 59, 175, 239, 70, 102, 59, 103, 97, 233, 59, 0, 0, 100, 50, 59, 53, 230, 59, 132, 48, 132, 48, 71, 0, 238, 58, 108, 29, 78, 59, 103, 97, 233, 59, 0, 0, 100, 50, 164, 53, 177, 59, 217, 46, 61, 49, 242, 70, 230, 58, 0, 109, 71, 59, 103, 97, 233, 59, 0, 0, 100, 50, 164, 53, 230, 59, 205, 46, 41, 49, 137, 63, 53, 175, 69, 0, 110, 59, 103, 97, 233, 59, 0, 0, 100, 50, 59, 53, 177, 59, 147, 48, 147, 48, 35, 159, 28, 187, 198, 217, 180, 58, 206, 6, 30, 60, 100, 231, 230, 13, 181, 58, 116, 53, 150, 57, 211, 58, 221, 217, 52, 187, 73, 104, 31, 177, 134, 35, 29, 60, 100, 231, 230, 13, 234, 58, 11, 53, 238, 57, 176, 58, 221, 217, 52, 187, 73, 104, 31, 177, 206, 6, 30, 60, 100, 231, 230, 13, 234, 58, 116, 53, 238, 57, 211, 58, 35, 159, 28, 187, 198, 217, 180, 58, 134, 35, 29, 60, 100, 231, 230, 13, 181, 58, 11, 53, 150, 57, 176, 58, 5, 109, 71, 59, 252, 70, 230, 186, 211, 167, 92, 59, 127, 127, 26, 113, 59, 53, 230, 59, 94, 52, 179, 33, 67, 0, 110, 59, 183, 57, 147, 176, 211, 167, 92, 59, 127, 127, 26, 113, 164, 53, 177, 59, 5, 53, 105, 32, 239, 70, 102, 59, 84, 45, 149, 176, 211, 167, 92, 59, 127, 127, 26, 113, 164, 53, 230, 59, 2, 53, 179, 33, 114, 29, 78, 59, 80, 0, 238, 186, 211, 167, 92, 59, 127, 127, 26, 113, 59, 53, 177, 59, 91, 52, 105, 32, 244, 70, 230, 58, 10, 109, 71, 187, 103, 97, 233, 59, 22, 172, 245, 73, 181, 58, 116, 53, 141, 52, 15, 57, 88, 227, 136, 47, 15, 15, 64, 187, 206, 6, 30, 60, 22, 172, 245, 73, 234, 58, 11, 53, 62, 53, 179, 57, 13, 15, 192, 58, 238, 83, 38, 187, 206, 6, 30, 60, 22, 172, 245, 73, 234, 58, 116, 53, 170, 52, 185, 57, 88, 227, 136, 47, 15, 15, 64, 187, 206, 6, 30, 60, 22, 172, 0, 75, 234, 58, 11, 53, 62, 53, 179, 57, 244, 70, 230, 58, 10, 109, 71, 187, 103, 97, 233, 59, 22, 172, 0, 75, 181, 58, 116, 53, 141, 52, 15, 57, 190, 0, 198, 47, 245, 70, 102, 187, 103, 97, 233, 59, 22, 172, 0, 75, 181, 58, 11, 53, 62, 53, 8, 57, 114, 29, 78, 59, 80, 0, 238, 186, 184, 255, 217, 59, 63, 193, 0, 63, 59, 53, 230, 59, 238, 59, 105, 32, 74, 0, 238, 58, 117, 29, 78, 187, 103, 97, 233, 59, 63, 193, 0, 63, 164, 53, 177, 59, 203, 59, 17, 46, 114, 29, 78, 59, 80, 0, 238, 186, 103, 97, 233, 59, 63, 193, 0, 63, 164, 53, 230, 59, 203, 59, 105, 32, 74, 0, 238, 58, 117, 29, 78, 187, 184, 255, 217, 59, 63, 193, 0, 63, 59, 53, 177, 59, 238, 59, 17, 46, 236, 70, 230, 186, 11, 109, 71, 187, 211, 167, 92, 59, 127, 127, 100, 50, 59, 53, 230, 59, 250, 50, 205, 46, 183, 214, 210, 47, 74, 0, 110, 187, 211, 167, 92, 59, 127, 127, 100, 50, 164, 53, 177, 59, 229, 50, 47, 44, 190, 0, 198, 47, 245, 70, 102, 187, 211, 167, 92, 59, 127, 127, 100, 50, 164, 53, 230, 59, 250, 50, 58, 44, 65, 0, 238, 186, 120, 29, 78, 187, 211, 167, 92, 59, 127, 127, 100, 50, 59, 53, 177, 59, 229, 50, 217, 46, 1, 103, 181, 58, 88, 25, 29, 59, 148, 61, 93, 58, 127, 127, 156, 76, 169, 58, 8, 50, 121, 48, 140, 53, 171, 195, 84, 175, 7, 15, 64, 59, 148, 61, 93, 58, 127, 127, 156, 76, 222, 58, 55, 49, 217, 46, 238, 53, 51, 117, 65, 175, 254, 102, 53, 59, 148, 61, 93, 58, 127, 127, 156, 76, 222, 58, 8, 50, 198, 46, 220, 53, 10, 15, 192, 58, 228, 83, 38, 59, 148, 61, 93, 58, 127, 127, 156, 76, 169, 58, 55, 49, 147, 48, 153, 53, 83, 90, 59, 175, 239, 70, 102, 59, 167, 87, 120, 59, 25, 100, 0, 63, 181, 58, 116, 53, 17, 50, 35, 58, 242, 70, 230, 58, 0, 109, 71, 59, 184, 255, 217, 59, 25, 100, 0, 63, 234, 58, 11, 53, 114, 51, 211, 58, 83, 90, 59, 175, 239, 70, 102, 59, 184, 255, 217, 59, 25, 100, 0, 63, 234, 58, 116, 53, 17, 50, 211, 58, 242, 70, 230, 58, 0, 109, 71, 59, 167, 87, 120, 59, 25, 100, 0, 63, 181, 58, 11, 53, 114, 51, 35, 58, 190, 0, 198, 47, 245, 70, 102, 187, 103, 97, 233, 59, 234, 172, 0, 75, 181, 58, 116, 53, 62, 53, 8, 57, 7, 15, 192, 186, 239, 83, 38, 187, 206, 6, 30, 60, 234, 172, 0, 75, 234, 58, 11, 53, 209, 53, 185, 57, 88, 227, 136, 47, 15, 15, 64, 187, 206, 6, 30, 60, 234, 172, 0, 75, 234, 58, 116, 53, 62, 53, 179, 57, 7, 15, 192, 186, 239, 83, 38, 187, 206, 6, 30, 60, 234, 172, 11, 73, 234, 58, 11, 53, 209, 53, 185, 57, 190, 0, 198, 47, 245, 70, 102, 187, 103, 97, 233, 59, 234, 172, 11, 73, 181, 58, 116, 53, 62, 53, 8, 57, 236, 70, 230, 186, 11, 109, 71, 187, 103, 97, 233, 59, 234, 172, 11, 73, 181, 58, 11, 53, 238, 53, 15, 57, 67, 0, 110, 59, 183, 57, 147, 176, 184, 255, 217, 59, 100, 231, 0, 63, 59, 53, 230, 59, 44, 57, 238, 59, 114, 29, 78, 59, 80, 0, 238, 186, 103, 97, 233, 59, 100, 231, 0, 63, 164, 53, 177, 59, 123, 56, 203, 59, 67, 0, 110, 59, 183, 57, 147, 176, 103, 97, 233, 59, 100, 231, 0, 63, 164, 53, 230, 59, 44, 57, 203, 59, 114, 29, 78, 59, 80, 0, 238, 186, 184, 255, 217, 59, 100, 231, 0, 63, 59, 53, 177, 59, 123, 56, 238, 59, 5, 109, 71, 59, 233, 70, 230, 58, 184, 255, 217, 59, 127, 127, 193, 95, 59, 53, 230, 59, 250, 50, 173, 55, 71, 0, 238, 58, 108, 29, 78, 59, 184, 255, 217, 59, 127, 127, 193, 95, 164, 53, 177, 59, 143, 51, 23, 55, 242, 70, 230, 58, 0, 109, 71, 59, 184, 255, 217, 59, 127, 127, 193, 95, 164, 53, 230, 59, 158, 51, 30, 55, 114, 29, 78, 59, 62, 0, 238, 58, 184, 255, 217, 59, 127, 127, 193, 95, 59, 53, 177, 59, 229, 50, 170, 55, 91, 25, 29, 59, 249, 102, 181, 58, 148, 61, 93, 58, 127, 127, 193, 95, 169, 58, 8, 50, 26, 49, 0, 53, 10, 15, 192, 58, 228, 83, 38, 59, 148, 61, 93, 58, 127, 127, 193, 95, 222, 58, 55, 49, 147, 48, 153, 53, 1, 103, 181, 58, 88, 25, 29, 59, 148, 61, 93, 58, 127, 127, 193, 95, 222, 58, 8, 50, 121, 48, 140, 53, 233, 83, 38, 59, 1, 15, 192, 58, 148, 61, 93, 58, 127, 127, 193, 95, 169, 58, 55, 49, 61, 49, 5, 53, 242, 70, 230, 58, 0, 109, 71, 59, 167, 87, 120, 59, 63, 63, 0, 63, 181, 58, 116, 53, 158, 56, 44, 57, 5, 109, 71, 59, 233, 70, 230, 58, 184, 255, 217, 59, 63, 63, 0, 63, 234, 58, 11, 53, 59, 56, 123, 56, 242, 70, 230, 58, 0, 109, 71, 59, 184, 255, 217, 59, 63, 63, 0, 63, 234, 58, 116, 53, 158, 56, 123, 56, 5, 109, 71, 59, 233, 70, 230, 58, 167, 87, 120, 59, 63, 63, 0, 63, 181, 58, 11, 53, 59, 56, 43, 57, 236, 70, 230, 186, 11, 109, 71, 187, 103, 97, 233, 59, 203, 203, 11, 73, 181, 58, 116, 53, 185, 57, 44, 57, 233, 83, 38, 187, 29, 15, 192, 186, 206, 6, 30, 60, 203, 203, 11, 73, 234, 58, 11, 53, 23, 57, 123, 56, 7, 15, 192, 186, 239, 83, 38, 187, 206, 6, 30, 60, 203, 203, 11, 73, 234, 58, 116, 53, 170, 57, 123, 56, 233, 83, 38, 187, 29, 15, 192, 186, 206, 6, 30, 60, 203, 203, 19, 69, 234, 58, 11, 53, 23, 57, 123, 56, 236, 70, 230, 186, 11, 109, 71, 187, 103, 97, 233, 59, 203, 203, 19, 69, 181, 58, 116, 53, 185, 57, 44, 57, 4, 109, 71, 187, 5, 71, 230, 186, 103, 97, 233, 59, 203, 203, 19, 69, 181, 58, 11, 53, 8, 57, 44, 57, 114, 29, 78, 59, 62, 0, 238, 58, 184, 255, 217, 59, 100, 25, 0, 63, 59, 53, 230, 59, 238, 59, 17, 50, 67, 0, 110, 59, 183, 57, 147, 176, 103, 97, 233, 59, 100, 25, 0, 63, 164, 53, 177, 59, 203, 59, 176, 48, 114, 29, 78, 59, 62, 0, 238, 58, 103, 97, 233, 59, 100, 25, 0, 63, 164, 53, 230, 59, 203, 59, 17, 50, 67, 0, 110, 59, 183, 57, 147, 176, 184, 255, 217, 59, 100, 25, 0, 63, 59, 53, 177, 59, 238, 59, 176, 48, 236, 70, 230, 186, 11, 109, 71, 187, 167, 87, 120, 59, 0, 0, 193, 95, 59, 53, 230, 59, 41, 49, 173, 55, 111, 29, 78, 187, 92, 0, 238, 186, 167, 87, 120, 59, 0, 0, 193, 95, 164, 53, 177, 59, 61, 49, 42, 56, 4, 109, 71, 187, 5, 71, 230, 186, 167, 87, 120, 59, 0, 0, 193, 95, 164, 53, 230, 59, 41, 49, 41, 56, 65, 0, 238, 186, 120, 29, 78, 187, 167, 87, 120, 59, 0, 0, 193, 95, 59, 53, 177, 59, 61, 49, 170, 55, 0, 103, 53, 59, 82, 81, 159, 176, 148, 61, 93, 58, 127, 127, 230, 113, 169, 58, 8, 50, 26, 49, 96, 52, 233, 83, 38, 59, 1, 15, 192, 58, 148, 61, 93, 58, 127, 127, 230, 113, 222, 58, 55, 49, 61, 49, 5, 53, 91, 25, 29, 59, 249, 102, 181, 58, 148, 61, 93, 58, 127, 127, 230, 113, 222, 58, 8, 50, 26, 49, 0, 53, 9, 15, 64, 59, 82, 81, 159, 176, 148, 61, 93, 58, 127, 127, 230, 113, 169, 58, 55, 49, 61, 49, 91, 52, 5, 109, 71, 59, 233, 70, 230, 58, 167, 87, 120, 59, 100, 25, 0, 63, 181, 58, 116, 53, 59, 56, 43, 57, 239, 70, 102, 59, 84, 45, 149, 176, 184, 255, 217, 59, 100, 25, 0, 63, 234, 58, 11, 53, 141, 55, 123, 56, 5, 109, 71, 59, 233, 70, 230, 58, 184, 255, 217, 59, 100, 25, 0, 63, 234, 58, 116, 53, 59, 56, 123, 56, 239, 70, 102, 59, 84, 45, 149, 176, 167, 87, 120, 59, 100, 25, 0, 63, 181, 58, 11, 53, 141, 55, 43, 57, 4, 109, 71, 187, 5, 71, 230, 186, 103, 97, 233, 59, 172, 234, 19, 69, 181, 58, 116, 53, 105, 32, 15, 57, 14, 15, 64, 187, 214, 123, 36, 177, 206, 6, 30, 60, 172, 234, 19, 69, 234, 58, 11, 53, 161, 42, 179, 57, 233, 83, 38, 187, 29, 15, 192, 186, 206, 6, 30, 60, 172, 234, 19, 69, 234, 58, 116, 53, 10, 36, 185, 57, 14, 15, 64, 187, 214, 123, 36, 177, 206, 6, 30, 60, 172, 234, 23, 63, 234, 58, 11, 53, 161, 42, 179, 57, 4, 109, 71, 187, 5, 71, 230, 186, 103, 97, 233, 59, 172, 234, 23, 63, 181, 58, 116, 53, 105, 32, 15, 57, 245, 70, 102, 187, 2, 75, 48, 177, 103, 97, 233, 59, 172, 234, 23, 63, 181, 58, 11, 53, 161, 42, 8, 57, 71, 0, 238, 58, 108, 29, 78, 59, 184, 255, 217, 59, 63, 63, 0, 63, 59, 53, 230, 59, 238, 59, 114, 51, 114, 29, 78, 59, 62, 0, 238, 58, 103, 97, 233, 59, 63, 63, 0, 63, 164, 53, 177, 59, 203, 59, 17, 50, 71, 0, 238, 58, 108, 29, 78, 59, 103, 97, 233, 59, 63, 63, 0, 63, 164, 53, 230, 59, 203, 59, 114, 51, 114, 29, 78, 59, 62, 0, 238, 58, 184, 255, 217, 59, 63, 63, 0, 63, 59, 53, 177, 59, 238, 59, 17, 50, 190, 0, 198, 47, 245, 70, 102, 187, 103, 97, 233, 59, 0, 0, 156, 76, 59, 53, 230, 59, 0, 40, 0, 40, 65, 0, 238, 186, 120, 29, 78, 187, 103, 97, 233, 59, 0, 0, 156, 76, 164, 53, 177, 59, 47, 44, 105, 32, 236, 70, 230, 186, 11, 109, 71, 187, 103, 97, 233, 59, 0, 0, 156, 76, 164, 53, 230, 59, 58, 44, 179, 33, 183, 214, 210, 47, 74, 0, 110, 187, 103, 97, 233, 59, 0, 0, 156, 76, 59, 53, 177, 59, 135, 39, 135, 39, 91, 25, 29, 59, 13, 103, 181, 186, 148, 61, 93, 58, 127, 127, 26, 113, 169, 58, 8, 50, 121, 48, 169, 51, 9, 15, 64, 59, 82, 81, 159, 176, 148, 61, 93, 58, 127, 127, 26, 113, 222, 58, 55, 49, 61, 49, 91, 52, 0, 103, 53, 59, 82, 81, 159, 176, 148, 61, 93, 58, 127, 127, 26, 113, 222, 58, 8, 50, 26, 49, 96, 52, 233, 83, 38, 59, 21, 15, 192, 186, 148, 61, 93, 58, 127, 127, 26, 113, 169, 58, 55, 49, 147, 48, 143, 51, 239, 70, 102, 59, 84, 45, 149, 176, 167, 87, 120, 59, 100, 231, 0, 63, 181, 58, 116, 53, 141, 55, 43, 57, 5, 109, 71, 59, 252, 70, 230, 186, 184, 255, 217, 59, 100, 231, 0, 63, 234, 58, 11, 53, 194, 54, 123, 56, 239, 70, 102, 59, 84, 45, 149, 176, 184, 255, 217, 59, 100, 231, 0, 63, 234, 58, 116, 53, 141, 55, 123, 56, 5, 109, 71, 59, 252, 70, 230, 186, 167, 87, 120, 59, 100, 231, 0, 63, 181, 58, 11, 53, 194, 54, 44, 57, 245, 70, 102, 187, 2, 75, 48, 177, 103, 97, 233, 59, 172, 22, 23, 63, 181, 58, 116, 53, 161, 42, 8, 57, 238, 83, 38, 187, 247, 14, 192, 58, 206, 6, 30, 60, 172, 22, 23, 63, 234, 58, 11, 53, 156, 45, 185, 57, 14, 15, 64, 187, 214, 123, 36, 177, 206, 6, 30, 60, 172, 22, 23, 63, 234, 58, 116, 53, 161, 42, 179, 57, 238, 83, 38, 187, 247, 14, 192, 58, 206, 6, 30, 60, 172, 22, 19, 57, 234, 58, 11, 53, 156, 45, 185, 57, 245, 70, 102, 187, 2, 75, 48, 177, 103, 97, 233, 59, 172, 22, 19, 57, 181, 58, 116, 53, 161, 42, 8, 57, 10, 109, 71, 187, 220, 70, 230, 58, 103, 97, 233, 59, 172, 22, 19, 57, 181, 58, 11, 53, 17, 46, 15, 57, 137, 63, 53, 175, 69, 0, 110, 59, 184, 255, 217, 59, 25, 100, 0, 63, 59, 53, 230, 59, 203, 59, 61, 53, 71, 0, 238, 58, 108, 29, 78, 59, 103, 97, 233, 59, 25, 100, 0, 63, 164, 53, 177, 59, 238, 59, 238, 53, 137, 63, 53, 175, 69, 0, 110, 59, 103, 97, 233, 59, 25, 100, 0, 63, 164, 53, 230, 59, 238, 59, 61, 53, 71, 0, 238, 58, 108, 29, 78, 59, 184, 255, 217, 59, 25, 100, 0, 63, 59, 53, 177, 59, 203, 59, 238, 53, 239, 70, 102, 59, 84, 45, 149, 176, 184, 255, 217, 59, 127, 127, 230, 113, 59, 53, 230, 59, 250, 50, 41, 56, 114, 29, 78, 59, 62, 0, 238, 58, 184, 255, 217, 59, 127, 127, 230, 113, 164, 53, 177, 59, 229, 50, 170, 55, 5, 109, 71, 59, 233, 70, 230, 58, 184, 255, 217, 59, 127, 127, 230, 113, 164, 53, 230, 59, 250, 50, 173, 55, 67, 0, 110, 59, 183, 57, 147, 176, 184, 255, 217, 59, 127, 127, 230, 113, 59, 53, 177, 59, 229, 50, 42, 56, 4, 103, 181, 58, 98, 25, 29, 187, 148, 61, 93, 58, 127, 127, 63, 95, 169, 58, 8, 50, 198, 46, 8, 51, 233, 83, 38, 59, 21, 15, 192, 186, 148, 61, 93, 58, 127, 127, 63, 95, 222, 58, 55, 49, 147, 48, 143, 51, 91, 25, 29, 59, 13, 103, 181, 186, 148, 61, 93, 58, 127, 127, 63, 95, 222, 58, 8, 50, 121, 48, 169, 51, 13, 15, 192, 58, 238, 83, 38, 187, 148, 61, 93, 58, 127, 127, 63, 95, 169, 58, 55, 49, 217, 46, 229, 50, 5, 109, 71, 59, 252, 70, 230, 186, 167, 87, 120, 59, 63, 193, 0, 63, 181, 58, 116, 53, 105, 32, 211, 58, 244, 70, 230, 58, 10, 109, 71, 187, 184, 255, 217, 59, 63, 193, 0, 63, 234, 58, 11, 53, 17, 46, 35, 58, 5, 109, 71, 59, 252, 70, 230, 186, 184, 255, 217, 59, 63, 193, 0, 63, 234, 58, 116, 53, 17, 46, 211, 58, 244, 70, 230, 58, 10, 109, 71, 187, 167, 87, 120, 59, 63, 193, 0, 63, 181, 58, 11, 53, 105, 32, 35, 58, 215, 217, 180, 186, 36, 159, 28, 187, 206, 6, 30, 60, 25, 100, 100, 50, 181, 58, 116, 53, 17, 56, 176, 58, 37, 22, 131, 47, 222, 217, 52, 187, 134, 35, 29, 60, 25, 100, 100, 50, 234, 58, 11, 53, 114, 55, 211, 58, 37, 22, 131, 47, 222, 217, 52, 187, 206, 6, 30, 60, 25, 100, 100, 50, 234, 58, 116, 53, 114, 55, 176, 58, 215, 217, 180, 186, 36, 159, 28, 187, 134, 35, 29, 60, 25, 100, 100, 50, 181, 58, 11, 53, 17, 56, 211, 58, 92, 0, 238, 186, 103, 29, 78, 59, 211, 167, 92, 59, 231, 100, 0, 63, 59, 53, 230, 59, 238, 53, 238, 59, 137, 63, 53, 175, 69, 0, 110, 59, 167, 87, 120, 59, 231, 100, 0, 63, 164, 53, 177, 59, 61, 53, 203, 59, 92, 0, 238, 186, 103, 29, 78, 59, 167, 87, 120, 59, 231, 100, 0, 63, 164, 53, 230, 59, 238, 53, 203, 59, 137, 63, 53, 175, 69, 0, 110, 59, 211, 167, 92, 59, 231, 100, 0, 63, 59, 53, 177, 59, 61, 53, 238, 59, 190, 0, 198, 47, 245, 70, 102, 187, 167, 87, 120, 59, 0, 0, 156, 76, 59, 53, 230, 59, 132, 48, 30, 55, 65, 0, 238, 186, 120, 29, 78, 187, 167, 87, 120, 59, 0, 0, 156, 76, 164, 53, 177, 59, 61, 49, 170, 55, 236, 70, 230, 186, 11, 109, 71, 187, 167, 87, 120, 59, 0, 0, 156, 76, 164, 53, 230, 59, 41, 49, 173, 55, 183, 214, 210, 47, 74, 0, 110, 187, 167, 87, 120, 59, 0, 0, 156, 76, 59, 53, 177, 59, 147, 48, 23, 55, 52, 95, 131, 47, 5, 103, 53, 187, 148, 61, 93, 58, 127, 127, 100, 76, 169, 58, 8, 50, 66, 44, 8, 51, 13, 15, 192, 58, 238, 83, 38, 187, 148, 61, 93, 58, 127, 127, 100, 76, 222, 58, 55, 49, 217, 46, 229, 50, 4, 103, 181, 58, 98, 25, 29, 187, 148, 61, 93, 58, 127, 127, 100, 76, 222, 58, 8, 50, 198, 46, 8, 51, 88, 227, 136, 47, 15, 15, 64, 187, 148, 61, 93, 58, 127, 127, 100, 76, 169, 58, 55, 49, 47, 44, 229, 50, 244, 70, 230, 58, 10, 109, 71, 187, 167, 87, 120, 59, 25, 156, 0, 63, 181, 58, 116, 53, 194, 54, 194, 54, 190, 0, 198, 47, 245, 70, 102, 187, 184, 255, 217, 59, 25, 156, 0, 63, 234, 58, 11, 53, 141, 55, 17, 56, 244, 70, 230, 58, 10, 109, 71, 187, 184, 255, 217, 59, 25, 156, 0, 63, 234, 58, 116, 53, 194, 54, 17, 56, 190, 0, 198, 47, 245, 70, 102, 187, 167, 87, 120, 59, 25, 156, 0, 63, 181, 58, 11, 53, 141, 55, 194, 54, 10, 109, 71, 187, 220, 70, 230, 58, 103, 97, 233, 59, 203, 53, 19, 57, 181, 58, 116, 53, 8, 57, 141, 52, 28, 15, 192, 186, 225, 83, 38, 59, 206, 6, 30, 60, 203, 53, 19, 57, 234, 58, 11, 53, 170, 57, 238, 53, 238, 83, 38, 187, 247, 14, 192, 58, 206, 6, 30, 60, 203, 53, 19, 57, 234, 58, 116, 53, 23, 57, 238, 53, 28, 15, 192, 186, 225, 83, 38, 59, 206, 6, 30, 60, 203, 53, 11, 53, 234, 58, 11, 53, 170, 57, 238, 53, 10, 109, 71, 187, 220, 70, 230, 58, 103, 97, 233, 59, 203, 53, 11, 53, 181, 58, 116, 53, 8, 57, 141, 52, 5, 71, 230, 186, 252, 108, 71, 59, 103, 97, 233, 59, 203, 53, 11, 53, 181, 58, 11, 53, 185, 57, 141, 52, 117, 29, 78, 187, 48, 0, 238, 58, 211, 167, 92, 59, 193, 63, 0, 63, 59, 53, 230, 59, 194, 54, 61, 59, 92, 0, 238, 186, 103, 29, 78, 59, 167, 87, 120, 59, 193, 63, 0, 63, 164, 53, 177, 59, 17, 56, 97, 59, 117, 29, 78, 187, 48, 0, 238, 58, 167, 87, 120, 59, 193, 63, 0, 63, 164, 53, 230, 59, 194, 54, 97, 59, 92, 0, 238, 186, 103, 29, 78, 59, 211, 167, 92, 59, 193, 63, 0, 63, 59, 53, 177, 59, 17, 56, 61, 59, 190, 0, 198, 47, 245, 70, 102, 187, 211, 167, 92, 59, 127, 127, 100, 76, 59, 53, 230, 59, 250, 50, 58, 44, 74, 0, 238, 58, 117, 29, 78, 187, 211, 167, 92, 59, 127, 127, 100, 76, 164, 53, 177, 59, 143, 51, 135, 39, 244, 70, 230, 58, 10, 109, 71, 187, 211, 167, 92, 59, 127, 127, 100, 76, 164, 53, 230, 59, 158, 51, 0, 40, 183, 214, 210, 47, 74, 0, 110, 187, 211, 167, 92, 59, 127, 127, 100, 76, 59, 53, 177, 59, 229, 50, 47, 44, 254, 102, 181, 186, 100, 25, 29, 187, 148, 61, 93, 58, 127, 127, 100, 50, 169, 58, 8, 50, 42, 40, 169, 51, 88, 227, 136, 47, 15, 15, 64, 187, 148, 61, 93, 58, 127, 127, 100, 50, 222, 58, 55, 49, 47, 44, 229, 50, 52, 95, 131, 47, 5, 103, 53, 187, 148, 61, 93, 58, 127, 127, 100, 50, 222, 58, 8, 50, 66, 44, 8, 51, 7, 15, 192, 186, 239, 83, 38, 187, 148, 61, 93, 58, 127, 127, 100, 50, 169, 58, 55, 49, 135, 39, 143, 51, 190, 0, 198, 47, 245, 70, 102, 187, 167, 87, 120, 59, 231, 156, 0, 63, 181, 58, 116, 53, 141, 55, 194, 54, 236, 70, 230, 186, 11, 109, 71, 187, 184, 255, 217, 59, 231, 156, 0, 63, 234, 58, 11, 53, 59, 56, 17, 56, 190, 0, 198, 47, 245, 70, 102, 187, 184, 255, 217, 59, 231, 156, 0, 63, 234, 58, 116, 53, 141, 55, 17, 56, 236, 70, 230, 186, 11, 109, 71, 187, 167, 87, 120, 59, 231, 156, 0, 63, 181, 58, 11, 53, 59, 56, 194, 54, 5, 71, 230, 186, 252, 108, 71, 59, 103, 97, 233, 59, 234, 84, 11, 53, 181, 58, 116, 53, 35, 58, 202, 48, 171, 195, 84, 175, 7, 15, 64, 59, 206, 6, 30, 60, 234, 84, 11, 53, 234, 58, 11, 53, 123, 58, 92, 51, 28, 15, 192, 186, 225, 83, 38, 59, 206, 6, 30, 60, 234, 84, 11, 53, 234, 58, 116, 53, 49, 58, 114, 51, 171, 195, 84, 175, 7, 15, 64, 59, 206, 6, 30, 60, 234, 84, 0, 51, 234, 58, 11, 53, 123, 58, 92, 51, 5, 71, 230, 186, 252, 108, 71, 59, 103, 97, 233, 59, 234, 84, 0, 51, 181, 58, 116, 53, 35, 58, 202, 48, 83, 90, 59, 175, 239, 70, 102, 59, 103, 97, 233, 59, 234, 84, 0, 51, 181, 58, 11, 53, 123, 58, 176, 48, 75, 0, 110, 187, 132, 186, 50, 177, 211, 167, 92, 59, 156, 25, 0, 63, 59, 53, 230, 59, 158, 42, 203, 59, 117, 29, 78, 187, 48, 0, 238, 58, 167, 87, 120, 59, 156, 25, 0, 63, 164, 53, 177, 59, 17, 46, 238, 59, 75, 0, 110, 187, 132, 186, 50, 177, 167, 87, 120, 59, 156, 25, 0, 63, 164, 53, 230, 59, 158, 42, 238, 59, 117, 29, 78, 187, 48, 0, 238, 58, 211, 167, 92, 59, 156, 25, 0, 63, 59, 53, 177, 59, 17, 46, 203, 59, 5, 109, 71, 59, 252, 70, 230, 186, 184, 255, 217, 59, 127, 127, 26, 113, 59, 53, 230, 59, 158, 51, 112, 56, 67, 0, 110, 59, 183, 57, 147, 176, 184, 255, 217, 59, 127, 127, 26, 113, 164, 53, 177, 59, 229, 50, 42, 56, 239, 70, 102, 59, 84, 45, 149, 176, 184, 255, 217, 59, 127, 127, 26, 113, 164, 53, 230, 59, 250, 50, 41, 56, 114, 29, 78, 59, 80, 0, 238, 186, 184, 255, 217, 59, 127, 127, 26, 113, 59, 53, 177, 59, 143, 51, 116, 56, 93, 25, 29, 187, 19, 103, 181, 186, 148, 61, 93, 58, 127, 127, 62, 31, 169, 58, 8, 50, 158, 34, 96, 52, 7, 15, 192, 186, 239, 83, 38, 187, 148, 61, 93, 58, 127, 127, 62, 31, 222, 58, 55, 49, 135, 39, 143, 51, 254, 102, 181, 186, 100, 25, 29, 187, 148, 61, 93, 58, 127, 127, 62, 31, 222, 58, 8, 50, 42, 40, 169, 51, 233, 83, 38, 187, 29, 15, 192, 186, 148, 61, 93, 58, 127, 127, 62, 31, 169, 58, 55, 49, 105, 32, 91, 52, 236, 70, 230, 186, 11, 109, 71, 187, 167, 87, 120, 59, 193, 193, 0, 63, 181, 58, 116, 53, 59, 56, 194, 54, 4, 109, 71, 187, 5, 71, 230, 186, 184, 255, 217, 59, 193, 193, 0, 63, 234, 58, 11, 53, 158, 56, 17, 56, 236, 70, 230, 186, 11, 109, 71, 187, 184, 255, 217, 59, 193, 193, 0, 63, 234, 58, 116, 53, 59, 56, 17, 56, 4, 109, 71, 187, 5, 71, 230, 186, 167, 87, 120, 59, 193, 193, 0, 63, 181, 58, 11, 53, 158, 56, 194, 54, 5, 103, 53, 187, 55, 168, 31, 177, 148, 61, 93, 58, 100, 231, 26, 113, 181, 58, 116, 53, 97, 59, 150, 57, 98, 25, 29, 187, 238, 102, 181, 58, 117, 162, 115, 58, 100, 231, 26, 113, 234, 58, 11, 53, 61, 59, 238, 57, 98, 25, 29, 187, 238, 102, 181, 58, 148, 61, 93, 58, 100, 231, 26, 113, 234, 58, 116, 53, 97, 59, 238, 57, 5, 103, 53, 187, 55, 168, 31, 177, 117, 162, 115, 58, 100, 231, 26, 113, 181, 58, 11, 53, 61, 59, 150, 57, 111, 29, 78, 187, 92, 0, 238, 186, 211, 167, 92, 59, 156, 231, 0, 63, 59, 53, 230, 59, 105, 32, 203, 59, 75, 0, 110, 187, 132, 186, 50, 177, 167, 87, 120, 59, 156, 231, 0, 63, 164, 53, 177, 59, 158, 42, 238, 59, 111, 29, 78, 187, 92, 0, 238, 186, 167, 87, 120, 59, 156, 231, 0, 63, 164, 53, 230, 59, 105, 32, 238, 59, 75, 0, 110, 187, 132, 186, 50, 177, 211, 167, 92, 59, 156, 231, 0, 63, 59, 53, 177, 59, 158, 42, 203, 59, 244, 70, 230, 58, 10, 109, 71, 187, 167, 87, 120, 59, 0, 0, 156, 50, 59, 53, 230, 59, 205, 46, 204, 54, 183, 214, 210, 47, 74, 0, 110, 187, 167, 87, 120, 59, 0, 0, 156, 50, 164, 53, 177, 59, 147, 48, 23, 55, 190, 0, 198, 47, 245, 70, 102, 187, 167, 87, 120, 59, 0, 0, 156, 50, 164, 53, 230, 59, 132, 48, 30, 55, 74, 0, 238, 58, 117, 29, 78, 187, 167, 87, 120, 59, 0, 0, 156, 50, 59, 53, 177, 59, 217, 46, 194, 54, 5, 103, 53, 187, 55, 168, 31, 177, 148, 61, 93, 58, 127, 127, 26, 13, 169, 58, 8, 50, 158, 34, 0, 53, 233, 83, 38, 187, 29, 15, 192, 186, 148, 61, 93, 58, 127, 127, 26, 13, 222, 58, 55, 49, 105, 32, 91, 52, 93, 25, 29, 187, 19, 103, 181, 186, 148, 61, 93, 58, 127, 127, 26, 13, 222, 58, 8, 50, 158, 34, 96, 52, 14, 15, 64, 187, 214, 123, 36, 177, 148, 61, 93, 58, 127, 127, 26, 13, 169, 58, 55, 49, 105, 32, 5, 53, 4, 109, 71, 187, 5, 71, 230, 186, 167, 87, 120, 59, 156, 231, 0, 63, 181, 58, 116, 53, 35, 58, 44, 57, 245, 70, 102, 187, 2, 75, 48, 177, 184, 255, 217, 59, 156, 231, 0, 63, 234, 58, 11, 53, 211, 58, 211, 56, 4, 109, 71, 187, 5, 71, 230, 186, 184, 255, 217, 59, 156, 231, 0, 63, 234, 58, 116, 53, 211, 58, 44, 57, 245, 70, 102, 187, 2, 75, 48, 177, 167, 87, 120, 59, 156, 231, 0, 63, 181, 58, 11, 53, 35, 58, 211, 56, 28, 15, 192, 186, 225, 83, 38, 59, 148, 61, 93, 58, 215, 104, 245, 73, 181, 58, 116, 53, 124, 58, 227, 53, 83, 90, 59, 175, 239, 70, 102, 59, 211, 167, 92, 59, 215, 104, 245, 73, 234, 58, 11, 53, 35, 58, 154, 52, 5, 71, 230, 186, 252, 108, 71, 59, 211, 167, 92, 59, 215, 104, 245, 73, 234, 58, 116, 53, 124, 58, 141, 52, 83, 90, 59, 175, 239, 70, 102, 59, 211, 167, 92, 59, 215, 104, 0, 75, 234, 58, 11, 53, 35, 58, 154, 52, 28, 15, 192, 186, 225, 83, 38, 59, 148, 61, 93, 58, 215, 104, 0, 75, 181, 58, 116, 53, 124, 58, 227, 53, 171, 195, 84, 175, 7, 15, 64, 59, 148, 61, 93, 58, 215, 104, 0, 75, 181, 58, 11, 53, 50, 58, 238, 53, 65, 0, 238, 186, 120, 29, 78, 187, 211, 167, 92, 59, 193, 193, 0, 63, 59, 53, 230, 59, 238, 57, 61, 59, 111, 29, 78, 187, 92, 0, 238, 186, 167, 87, 120, 59, 193, 193, 0, 63, 164, 53, 177, 59, 70, 58, 97, 59, 65, 0, 238, 186, 120, 29, 78, 187, 167, 87, 120, 59, 193, 193, 0, 63, 164, 53, 230, 59, 238, 57, 97, 59, 111, 29, 78, 187, 92, 0, 238, 186, 211, 167, 92, 59, 193, 193, 0, 63, 59, 53, 177, 59, 70, 58, 61, 59, 117, 117, 64, 175, 215, 217, 52, 59, 206, 6, 30, 60, 0, 0, 100, 50, 169, 58, 8, 50, 0, 53, 219, 53, 10, 15, 192, 58, 228, 83, 38, 59, 206, 6, 30, 60, 0, 0, 100, 50, 222, 58, 55, 49, 91, 52, 238, 53, 217, 217, 180, 58, 26, 159, 28, 59, 206, 6, 30, 60, 0, 0, 100, 50, 222, 58, 8, 50, 96, 52, 219, 53, 171, 195, 84, 175, 7, 15, 64, 59, 206, 6, 30, 60, 0, 0, 100, 50, 169, 58, 55, 49, 5, 53, 238, 53, 98, 25, 29, 187, 238, 102, 181, 58, 148, 61, 93, 58, 127, 127, 230, 13, 169, 58, 8, 50, 42, 40, 140, 53, 14, 15, 64, 187, 214, 123, 36, 177, 148, 61, 93, 58, 127, 127, 230, 13, 222, 58, 55, 49, 105, 32, 5, 53, 5, 103, 53, 187, 55, 168, 31, 177, 148, 61, 93, 58, 127, 127, 230, 13, 222, 58, 8, 50, 158, 34, 0, 53, 238, 83, 38, 187, 247, 14, 192, 58, 148, 61, 93, 58, 127, 127, 230, 13, 169, 58, 55, 49, 135, 39, 153, 53, 245, 70, 102, 187, 2, 75, 48, 177, 167, 87, 120, 59, 156, 25, 0, 63, 181, 58, 116, 53, 35, 58, 211, 56, 10, 109, 71, 187, 220, 70, 230, 58, 184, 255, 217, 59, 156, 25, 0, 63, 234, 58, 11, 53, 211, 58, 123, 56, 245, 70, 102, 187, 2, 75, 48, 177, 184, 255, 217, 59, 156, 25, 0, 63, 234, 58, 116, 53, 211, 58, 211, 56, 10, 109, 71, 187, 220, 70, 230, 58, 167, 87, 120, 59, 156, 25, 0, 63, 181, 58, 11, 53, 35, 58, 123, 56, 5, 109, 71, 59, 233, 70, 230, 58, 103, 97, 233, 59, 0, 0, 26, 13, 59, 53, 230, 59, 58, 44, 41, 49, 67, 0, 110, 59, 183, 57, 147, 176, 103, 97, 233, 59, 0, 0, 26, 13, 164, 53, 177, 59, 135, 39, 147, 48, 239, 70, 102, 59, 84, 45, 149, 176, 103, 97, 233, 59, 0, 0, 26, 13, 164, 53, 230, 59, 0, 40, 132, 48, 114, 29, 78, 59, 62, 0, 238, 58, 103, 97, 233, 59, 0, 0, 26, 13, 59, 53, 177, 59, 47, 44, 61, 49, 183, 214, 210, 47, 74, 0, 110, 187, 211, 167, 92, 59, 231, 156, 0, 63, 59, 53, 230, 59, 150, 57, 61, 59, 65, 0, 238, 186, 120, 29, 78, 187, 167, 87, 120, 59, 231, 156, 0, 63, 164, 53, 177, 59, 238, 57, 97, 59, 183, 214, 210, 47, 74, 0, 110, 187, 167, 87, 120, 59, 231, 156, 0, 63, 164, 53, 230, 59, 150, 57, 97, 59, 65, 0, 238, 186, 120, 29, 78, 187, 211, 167, 92, 59, 231, 156, 0, 63, 59, 53, 177, 59, 238, 57, 61, 59, 217, 217, 180, 58, 26, 159, 28, 59, 206, 6, 30, 60, 0, 0, 62, 31, 169, 58, 8, 50, 96, 52, 219, 53, 233, 83, 38, 59, 1, 15, 192, 58, 206, 6, 30, 60, 0, 0, 62, 31, 222, 58, 55, 49, 143, 51, 153, 53, 30, 159, 28, 59, 210, 217, 180, 58, 206, 6, 30, 60, 0, 0, 62, 31, 222, 58, 8, 50, 170, 51, 139, 53, 10, 15, 192, 58, 228, 83, 38, 59, 206, 6, 30, 60, 0, 0, 62, 31, 169, 58, 55, 49, 91, 52, 238, 53, 18, 103, 181, 186, 85, 25, 29, 59, 148, 61, 93, 58, 127, 127, 194, 31, 169, 58, 8, 50, 66, 44, 220, 53, 238, 83, 38, 187, 247, 14, 192, 58, 148, 61, 93, 58, 127, 127, 194, 31, 222, 58, 55, 49, 135, 39, 153, 53, 98, 25, 29, 187, 238, 102, 181, 58, 148, 61, 93, 58, 127, 127, 194, 31, 222, 58, 8, 50, 42, 40, 140, 53, 28, 15, 192, 186, 225, 83, 38, 59, 148, 61, 93, 58, 127, 127, 194, 31, 169, 58, 55, 49, 47, 44, 238, 53, 10, 109, 71, 187, 220, 70, 230, 58, 167, 87, 120, 59, 193, 63, 0, 63, 181, 58, 116, 53, 35, 58, 17, 56, 5, 71, 230, 186, 252, 108, 71, 59, 184, 255, 217, 59, 193, 63, 0, 63, 234, 58, 11, 53, 211, 58, 194, 54, 10, 109, 71, 187, 220, 70, 230, 58, 184, 255, 217, 59, 193, 63, 0, 63, 234, 58, 116, 53, 211, 58, 17, 56, 5, 71, 230, 186, 252, 108, 71, 59, 167, 87, 120, 59, 193, 63, 0, 63, 181, 58, 11, 53, 35, 58, 194, 54, 238, 83, 38, 187, 247, 14, 192, 58, 148, 61, 93, 58, 185, 71, 243, 71, 181, 58, 116, 53, 197, 58, 238, 53, 5, 71, 230, 186, 252, 108, 71, 59, 211, 167, 92, 59, 185, 71, 240, 70, 234, 58, 11, 53, 124, 58, 141, 52, 10, 109, 71, 187, 220, 70, 230, 58, 211, 167, 92, 59, 185, 71, 237, 69, 234, 58, 116, 53, 211, 58, 154, 52, 28, 15, 192, 186, 225, 83, 38, 59, 148, 61, 93, 58, 185, 71, 245, 73, 181, 58, 11, 53, 124, 58, 227, 53, 74, 0, 238, 58, 117, 29, 78, 187, 211, 167, 92, 59, 25, 156, 0, 63, 59, 53, 230, 59, 8, 59, 61, 59, 183, 214, 210, 47, 74, 0, 110, 187, 167, 87, 120, 59, 25, 156, 0, 63, 164, 53, 177, 59, 97, 59, 97, 59, 74, 0, 238, 58, 117, 29, 78, 187, 167, 87, 120, 59, 25, 156, 0, 63, 164, 53, 230, 59, 8, 59, 97, 59, 183, 214, 210, 47, 74, 0, 110, 187, 211, 167, 92, 59, 25, 156, 0, 63, 59, 53, 177, 59, 97, 59, 61, 59, 30, 159, 28, 59, 210, 217, 180, 58, 206, 6, 30, 60, 0, 0, 26, 13, 169, 58, 8, 50, 170, 51, 139, 53, 9, 15, 64, 59, 82, 81, 159, 176, 206, 6, 30, 60, 0, 0, 26, 13, 222, 58, 55, 49, 229, 50, 5, 53, 216, 217, 52, 59, 82, 81, 159, 176, 206, 6, 30, 60, 0, 0, 26, 13, 222, 58, 8, 50, 10, 51, 0, 53, 233, 83, 38, 59, 1, 15, 192, 58, 206, 6, 30, 60, 0, 0, 26, 13, 169, 58, 55, 49, 143, 51, 153, 53, 51, 117, 65, 175, 254, 102, 53, 59, 148, 61, 93, 58, 127, 127, 156, 50, 169, 58, 8, 50, 198, 46, 220, 53, 28, 15, 192, 186, 225, 83, 38, 59, 148, 61, 93, 58, 127, 127, 156, 50, 222, 58, 55, 49, 47, 44, 238, 53, 18, 103, 181, 186, 85, 25, 29, 59, 148, 61, 93, 58, 127, 127, 156, 50, 222, 58, 8, 50, 66, 44, 220, 53, 171, 195, 84, 175, 7, 15, 64, 59, 148, 61, 93, 58, 127, 127, 156, 50, 169, 58, 55, 49, 217, 46, 238, 53, 5, 71, 230, 186, 252, 108, 71, 59, 167, 87, 120, 59, 231, 100, 0, 63, 181, 58, 116, 53, 176, 48, 35, 58, 83, 90, 59, 175, 239, 70, 102, 59, 184, 255, 217, 59, 231, 100, 0, 63, 234, 58, 11, 53, 17, 50, 211, 58, 5, 71, 230, 186, 252, 108, 71, 59, 184, 255, 217, 59, 231, 100, 0, 63, 234, 58, 116, 53, 176, 48, 211, 58, 83, 90, 59, 175, 239, 70, 102, 59, 167, 87, 120, 59, 231, 100, 0, 63, 181, 58, 11, 53, 17, 50, 35, 58, 245, 70, 102, 187, 2, 75, 48, 177, 103, 97, 233, 59, 0, 0, 26, 113, 59, 53, 230, 59, 132, 48, 0, 40, 117, 29, 78, 187, 48, 0, 238, 58, 103, 97, 233, 59, 0, 0, 26, 113, 164, 53, 177, 59, 61, 49, 47, 44, 10, 109, 71, 187, 220, 70, 230, 58, 103, 97, 233, 59, 0, 0, 26, 113, 164, 53, 230, 59, 41, 49, 58, 44, 75, 0, 110, 187, 132, 186, 50, 177, 103, 97, 233, 59, 0, 0, 26, 113, 59, 53, 177, 59, 147, 48, 135, 39, 114, 29, 78, 59, 80, 0, 238, 186, 211, 167, 92, 59, 63, 193, 0, 63, 59, 53, 230, 59, 176, 58, 61, 59, 74, 0, 238, 58, 117, 29, 78, 187, 167, 87, 120, 59, 63, 193, 0, 63, 164, 53, 177, 59, 8, 59, 97, 59, 114, 29, 78, 59, 80, 0, 238, 186, 167, 87, 120, 59, 63, 193, 0, 63, 164, 53, 230, 59, 176, 58, 97, 59, 74, 0, 238, 58, 117, 29, 78, 187, 211, 167, 92, 59, 63, 193, 0, 63, 59, 53, 177, 59, 8, 59, 61, 59, 216, 217, 52, 59, 82, 81, 159, 176, 206, 6, 30, 60, 0, 0, 230, 13, 169, 58, 8, 50, 10, 51, 0, 53, 233, 83, 38, 59, 21, 15, 192, 186, 206, 6, 30, 60, 0, 0, 230, 13, 222, 58, 55, 49, 229, 50, 91, 52, 30, 159, 28, 59, 230, 217, 180, 186, 206, 6, 30, 60, 0, 0, 230, 13, 222, 58, 8, 50, 10, 51, 96, 52, 9, 15, 64, 59, 82, 81, 159, 176, 206, 6, 30, 60, 0, 0, 230, 13, 169, 58, 55, 49, 229, 50, 5, 53, 18, 103, 181, 186, 85, 25, 29, 59, 117, 162, 115, 58, 127, 127, 126, 63, 186, 58, 58, 52, 170, 55, 238, 53, 98, 25, 29, 187, 238, 102, 181, 58, 117, 162, 115, 58, 127, 127, 126, 63, 177, 58, 77, 52, 23, 55, 153, 53, 51, 117, 65, 175, 254, 102, 53, 59, 117, 162, 115, 58, 127, 127, 126, 63, 200, 58, 51, 52, 42, 56, 238, 53, 93, 25, 29, 187, 19, 103, 181, 186, 117, 162, 115, 58, 127, 127, 126, 63, 177, 58, 130, 52, 194, 54, 91, 52, 91, 25, 29, 59, 13, 103, 181, 186, 117, 162, 115, 58, 127, 127, 126, 63, 222, 58, 130, 52, 116, 56, 143, 51, 5, 103, 53, 187, 55, 168, 31, 177, 117, 162, 115, 58, 127, 127, 126, 63, 173, 58, 104, 52, 194, 54, 5, 53, 91, 25, 29, 59, 249, 102, 181, 58, 117, 162, 115, 58, 127, 127, 126, 63, 222, 58, 77, 52, 158, 56, 5, 53, 52, 95, 131, 47, 5, 103, 53, 187, 117, 162, 115, 58, 127, 127, 126, 63, 200, 58, 156, 52, 170, 55, 229, 50, 1, 103, 181, 58, 88, 25, 29, 59, 117, 162, 115, 58, 127, 127, 126, 63, 213, 58, 58, 52, 116, 56, 153, 53, 0, 103, 53, 59, 82, 81, 159, 176, 117, 162, 115, 58, 127, 127, 126, 63, 226, 58, 104, 52, 158, 56, 91, 52, 4, 103, 181, 58, 98, 25, 29, 187, 117, 162, 115, 58, 127, 127, 126, 63, 213, 58, 149, 52, 42, 56, 229, 50, 254, 102, 181, 186, 100, 25, 29, 187, 117, 162, 115, 58, 127, 127, 126, 63, 186, 58, 149, 52, 23, 55, 143, 51, 5, 71, 230, 186, 252, 108, 71, 59, 211, 167, 92, 59, 127, 127, 194, 31, 59, 53, 230, 59, 145, 53, 132, 48, 117, 29, 78, 187, 48, 0, 238, 58, 211, 167, 92, 59, 127, 127, 194, 31, 164, 53, 177, 59, 5, 53, 61, 49, 10, 109, 71, 187, 220, 70, 230, 58, 211, 167, 92, 59, 127, 127, 194, 31, 164, 53, 230, 59, 2, 53, 41, 49, 92, 0, 238, 186, 103, 29, 78, 59, 211, 167, 92, 59, 127, 127, 194, 31, 59, 53, 177, 59, 153, 53, 147, 48, 14, 15, 64, 187, 214, 123, 36, 177, 148, 61, 93, 58, 152, 41, 233, 63, 181, 58, 116, 53, 97, 57, 12, 56, 10, 109, 71, 187, 220, 70, 230, 58, 211, 167, 92, 59, 152, 41, 233, 63, 234, 58, 11, 53, 8, 57, 207, 54, 245, 70, 102, 187, 2, 75, 48, 177, 211, 167, 92, 59, 152, 41, 233, 63, 234, 58, 116, 53, 97, 57, 194, 54, 10, 109, 71, 187, 220, 70, 230, 58, 211, 167, 92, 59, 152, 41, 237, 69, 234, 58, 11, 53, 8, 57, 207, 54, 14, 15, 64, 187, 214, 123, 36, 177, 148, 61, 93, 58, 152, 41, 237, 69, 181, 58, 116, 53, 97, 57, 12, 56, 238, 83, 38, 187, 247, 14, 192, 58, 148, 61, 93, 58, 152, 41, 237, 69, 181, 58, 11, 53, 23, 57, 17, 56, 67, 0, 110, 59, 183, 57, 147, 176, 211, 167, 92, 59, 100, 231, 0, 63, 59, 53, 230, 59, 211, 56, 97, 59, 114, 29, 78, 59, 80, 0, 238, 186, 167, 87, 120, 59, 100, 231, 0, 63, 164, 53, 177, 59, 123, 56, 61, 59, 67, 0, 110, 59, 183, 57, 147, 176, 167, 87, 120, 59, 100, 231, 0, 63, 164, 53, 230, 59, 211, 56, 61, 59, 114, 29, 78, 59, 80, 0, 238, 186, 211, 167, 92, 59, 100, 231, 0, 63, 59, 53, 177, 59, 123, 56, 97, 59, 30, 159, 28, 59, 230, 217, 180, 186, 206, 6, 30, 60, 0, 0, 194, 31, 169, 58, 8, 50, 10, 51, 96, 52, 13, 15, 192, 58, 238, 83, 38, 187, 206, 6, 30, 60, 0, 0, 194, 31, 222, 58, 55, 49, 143, 51, 143, 51, 220, 217, 180, 58, 36, 159, 28, 187, 206, 6, 30, 60, 0, 0, 194, 31, 222, 58, 8, 50, 170, 51, 170, 51, 233, 83, 38, 59, 21, 15, 192, 186, 206, 6, 30, 60, 0, 0, 194, 31, 169, 58, 55, 49, 229, 50, 91, 52, 52, 95, 131, 47, 5, 103, 53, 187, 148, 61, 93, 58, 25, 100, 156, 76, 181, 58, 116, 53, 61, 59, 114, 55, 254, 102, 181, 186, 100, 25, 29, 187, 117, 162, 115, 58, 25, 100, 156, 76, 234, 58, 11, 53, 97, 59, 194, 54, 254, 102, 181, 186, 100, 25, 29, 187, 148, 61, 93, 58, 25, 100, 156, 76, 234, 58, 116, 53, 61, 59, 194, 54, 52, 95, 131, 47, 5, 103, 53, 187, 117, 162, 115, 58, 25, 100, 156, 76, 181, 58, 11, 53, 97, 59, 114, 55, 5, 109, 71, 59, 233, 70, 230, 58, 167, 87, 120, 59, 0, 0, 26, 13, 59, 53, 230, 59, 179, 33, 173, 55, 67, 0, 110, 59, 183, 57, 147, 176, 167, 87, 120, 59, 0, 0, 26, 13, 164, 53, 177, 59, 135, 39, 23, 55, 239, 70, 102, 59, 84, 45, 149, 176, 167, 87, 120, 59, 0, 0, 26, 13, 164, 53, 230, 59, 0, 40, 30, 55, 114, 29, 78, 59, 62, 0, 238, 58, 167, 87, 120, 59, 0, 0, 26, 13, 59, 53, 177, 59, 105, 32, 170, 55, 10, 109, 71, 187, 220, 70, 230, 58, 184, 255, 217, 59, 127, 127, 230, 13, 59, 53, 230, 59, 145, 53, 30, 55, 75, 0, 110, 187, 132, 186, 50, 177, 184, 255, 217, 59, 127, 127, 230, 13, 164, 53, 177, 59, 238, 53, 170, 55, 245, 70, 102, 187, 2, 75, 48, 177, 184, 255, 217, 59, 127, 127, 230, 13, 164, 53, 230, 59, 228, 53, 173, 55, 117, 29, 78, 187, 48, 0, 238, 58, 184, 255, 217, 59, 127, 127, 230, 13, 59, 53, 177, 59, 153, 53, 23, 55, 114, 29, 78, 59, 62, 0, 238, 58, 211, 167, 92, 59, 100, 25, 0, 63, 59, 53, 230, 59, 44, 57, 97, 59, 67, 0, 110, 59, 183, 57, 147, 176, 167, 87, 120, 59, 100, 25, 0, 63, 164, 53, 177, 59, 211, 56, 61, 59, 114, 29, 78, 59, 62, 0, 238, 58, 167, 87, 120, 59, 100, 25, 0, 63, 164, 53, 230, 59, 44, 57, 61, 59, 67, 0, 110, 59, 183, 57, 147, 176, 211, 167, 92, 59, 100, 25, 0, 63, 59, 53, 177, 59, 211, 56, 97, 59, 220, 217, 180, 58, 36, 159, 28, 187, 206, 6, 30, 60, 0, 0, 156, 50, 169, 58, 8, 50, 170, 51, 170, 51, 88, 227, 136, 47, 15, 15, 64, 187, 206, 6, 30, 60, 0, 0, 156, 50, 222, 58, 55, 49, 91, 52, 229, 50, 37, 22, 131, 47, 222, 217, 52, 187, 206, 6, 30, 60, 0, 0, 156, 50, 222, 58, 8, 50, 96, 52, 10, 51, 13, 15, 192, 58, 238, 83, 38, 187, 206, 6, 30, 60, 0, 0, 156, 50, 169, 58, 55, 49, 143, 51, 143, 51, 0, 103, 53, 59, 82, 81, 159, 176, 148, 61, 93, 58, 156, 25, 230, 13, 181, 58, 116, 53, 158, 42, 61, 59, 91, 25, 29, 59, 13, 103, 181, 186, 117, 162, 115, 58, 156, 25, 230, 13, 234, 58, 11, 53, 105, 32, 97, 59, 91, 25, 29, 59, 13, 103, 181, 186, 148, 61, 93, 58, 156, 25, 230, 13, 234, 58, 116, 53, 105, 32, 61, 59, 0, 103, 53, 59, 82, 81, 159, 176, 117, 162, 115, 58, 156, 25, 230, 13, 181, 58, 11, 53, 158, 42, 97, 59, 236, 70, 230, 186, 11, 109, 71, 187, 184, 255, 217, 59, 127, 127, 100, 50, 59, 53, 230, 59, 145, 53, 112, 56, 183, 214, 210, 47, 74, 0, 110, 187, 184, 255, 217, 59, 127, 127, 100, 50, 164, 53, 177, 59, 5, 53, 158, 56, 190, 0, 198, 47, 245, 70, 102, 187, 184, 255, 217, 59, 127, 127, 100, 50, 164, 53, 230, 59, 2, 53, 153, 56, 65, 0, 238, 186, 120, 29, 78, 187, 184, 255, 217, 59, 127, 127, 100, 50, 59, 53, 177, 59, 153, 53, 116, 56, 233, 83, 38, 187, 29, 15, 192, 186, 148, 61, 93, 58, 152, 215, 237, 57, 181, 58, 116, 53, 170, 57, 17, 56, 245, 70, 102, 187, 2, 75, 48, 177, 211, 167, 92, 59, 152, 215, 237, 57, 234, 58, 11, 53, 97, 57, 194, 54, 4, 109, 71, 187, 5, 71, 230, 186, 211, 167, 92, 59, 152, 215, 237, 57, 234, 58, 116, 53, 185, 57, 207, 54, 245, 70, 102, 187, 2, 75, 48, 177, 211, 167, 92, 59, 152, 215, 233, 63, 234, 58, 11, 53, 97, 57, 194, 54, 233, 83, 38, 187, 29, 15, 192, 186, 148, 61, 93, 58, 152, 215, 233, 63, 181, 58, 116, 53, 170, 57, 17, 56, 14, 15, 64, 187, 214, 123, 36, 177, 148, 61, 93, 58, 152, 215, 233, 63, 181, 58, 11, 53, 97, 57, 12, 56, 71, 0, 238, 58, 108, 29, 78, 59, 211, 167, 92, 59, 63, 63, 0, 63, 59, 53, 230, 59, 176, 48, 238, 59, 114, 29, 78, 59, 62, 0, 238, 58, 167, 87, 120, 59, 63, 63, 0, 63, 164, 53, 177, 59, 114, 51, 203, 59, 71, 0, 238, 58, 108, 29, 78, 59, 167, 87, 120, 59, 63, 63, 0, 63, 164, 53, 230, 59, 176, 48, 203, 59, 114, 29, 78, 59, 62, 0, 238, 58, 211, 167, 92, 59, 63, 63, 0, 63, 59, 53, 177, 59, 114, 51, 238, 59, 37, 22, 131, 47, 222, 217, 52, 187, 206, 6, 30, 60, 0, 0, 156, 76, 169, 58, 8, 50, 96, 52, 10, 51, 7, 15, 192, 186, 239, 83, 38, 187, 206, 6, 30, 60, 0, 0, 156, 76, 222, 58, 55, 49, 5, 53, 229, 50, 215, 217, 180, 186, 36, 159, 28, 187, 206, 6, 30, 60, 0, 0, 156, 76, 222, 58, 8, 50, 0, 53, 10, 51, 88, 227, 136, 47, 15, 15, 64, 187, 206, 6, 30, 60, 0, 0, 156, 76, 169, 58, 55, 49, 91, 52, 229, 50, 98, 25, 29, 187, 238, 102, 181, 58, 148, 61, 93, 58, 63, 193, 63, 95, 181, 58, 116, 53, 97, 59, 238, 57, 18, 103, 181, 186, 85, 25, 29, 59, 117, 162, 115, 58, 63, 193, 63, 95, 234, 58, 11, 53, 61, 59, 70, 58, 18, 103, 181, 186, 85, 25, 29, 59, 148, 61, 93, 58, 63, 193, 63, 95, 234, 58, 116, 53, 97, 59, 70, 58, 98, 25, 29, 187, 238, 102, 181, 58, 117, 162, 115, 58, 63, 193, 63, 95, 181, 58, 11, 53, 61, 59, 238, 57, 5, 109, 71, 59, 252, 70, 230, 186, 103, 97, 233, 59, 0, 0, 194, 31, 59, 53, 230, 59, 179, 33, 205, 46, 74, 0, 238, 58, 117, 29, 78, 187, 103, 97, 233, 59, 0, 0, 194, 31, 164, 53, 177, 59, 105, 32, 47, 44, 244, 70, 230, 58, 10, 109, 71, 187, 103, 97, 233, 59, 0, 0, 194, 31, 164, 53, 230, 59, 179, 33, 58, 44, 114, 29, 78, 59, 80, 0, 238, 186, 103, 97, 233, 59, 0, 0, 194, 31, 59, 53, 177, 59, 105, 32, 217, 46, 239, 70, 102, 59, 84, 45, 149, 176, 211, 167, 92, 59, 127, 127, 230, 113, 59, 53, 230, 59, 2, 53, 179, 33, 114, 29, 78, 59, 62, 0, 238, 58, 211, 167, 92, 59, 127, 127, 230, 113, 164, 53, 177, 59, 153, 53, 135, 39, 5, 109, 71, 59, 233, 70, 230, 58, 211, 167, 92, 59, 127, 127, 230, 113, 164, 53, 230, 59, 145, 53, 0, 40, 67, 0, 110, 59, 183, 57, 147, 176, 211, 167, 92, 59, 127, 127, 230, 113, 59, 53, 177, 59, 5, 53, 105, 32, 137, 63, 53, 175, 69, 0, 110, 59, 211, 167, 92, 59, 25, 100, 0, 63, 59, 53, 230, 59, 61, 53, 238, 59, 71, 0, 238, 58, 108, 29, 78, 59, 167, 87, 120, 59, 25, 100, 0, 63, 164, 53, 177, 59, 141, 52, 203, 59, 137, 63, 53, 175, 69, 0, 110, 59, 167, 87, 120, 59, 25, 100, 0, 63, 164, 53, 230, 59, 61, 53, 203, 59, 71, 0, 238, 58, 108, 29, 78, 59, 211, 167, 92, 59, 25, 100, 0, 63, 59, 53, 177, 59, 141, 52, 238, 59, 215, 217, 180, 186, 36, 159, 28, 187, 206, 6, 30, 60, 0, 0, 193, 95, 169, 58, 8, 50, 0, 53, 10, 51, 233, 83, 38, 187, 29, 15, 192, 186, 206, 6, 30, 60, 0, 0, 193, 95, 222, 58, 55, 49, 153, 53, 143, 51, 30, 159, 28, 187, 237, 217, 180, 186, 206, 6, 30, 60, 0, 0, 193, 95, 222, 58, 8, 50, 139, 53, 170, 51, 7, 15, 192, 186, 239, 83, 38, 187, 206, 6, 30, 60, 0, 0, 193, 95, 169, 58, 55, 49, 5, 53, 229, 50, 51, 117, 65, 175, 254, 102, 53, 59, 148, 61, 93, 58, 231, 156, 100, 50, 181, 58, 116, 53, 61, 53, 61, 59, 1, 103, 181, 58, 88, 25, 29, 59, 117, 162, 115, 58, 231, 156, 100, 50, 234, 58, 11, 53, 141, 52, 97, 59, 1, 103, 181, 58, 88, 25, 29, 59, 148, 61, 93, 58, 231, 156, 100, 50, 234, 58, 116, 53, 141, 52, 61, 59, 51, 117, 65, 175, 254, 102, 53, 59, 117, 162, 115, 58, 231, 156, 100, 50, 181, 58, 11, 53, 61, 53, 97, 59, 5, 71, 230, 186, 252, 108, 71, 59, 103, 97, 233, 59, 0, 0, 100, 76, 59, 53, 230, 59, 41, 49, 205, 46, 137, 63, 53, 175, 69, 0, 110, 59, 103, 97, 233, 59, 0, 0, 100, 76, 164, 53, 177, 59, 147, 48, 147, 48, 83, 90, 59, 175, 239, 70, 102, 59, 103, 97, 233, 59, 0, 0, 100, 76, 164, 53, 230, 59, 132, 48, 132, 48, 92, 0, 238, 186, 103, 29, 78, 59, 103, 97, 233, 59, 0, 0, 100, 76, 59, 53, 177, 59, 61, 49, 217, 46, 7, 15, 192, 186, 239, 83, 38, 187, 148, 61, 93, 58, 185, 185, 245, 53, 181, 58, 116, 53, 238, 57, 65, 58, 4, 109, 71, 187, 5, 71, 230, 186, 211, 167, 92, 59, 185, 185, 245, 53, 234, 58, 11, 53, 150, 57, 156, 57, 236, 70, 230, 186, 11, 109, 71, 187, 211, 167, 92, 59, 185, 185, 245, 53, 234, 58, 116, 53, 238, 57, 150, 57, 4, 109, 71, 187, 5, 71, 230, 186, 211, 167, 92, 59, 185, 185, 237, 57, 234, 58, 11, 53, 150, 57, 156, 57, 7, 15, 192, 186, 239, 83, 38, 187, 148, 61, 93, 58, 185, 185, 237, 57, 181, 58, 116, 53, 238, 57, 65, 58, 233, 83, 38, 187, 29, 15, 192, 186, 148, 61, 93, 58, 185, 185, 237, 57, 181, 58, 11, 53, 164, 57, 70, 58, 5, 71, 230, 186, 252, 108, 71, 59, 184, 255, 217, 59, 127, 127, 194, 31, 59, 53, 230, 59, 2, 53, 204, 54, 117, 29, 78, 187, 48, 0, 238, 58, 184, 255, 217, 59, 127, 127, 194, 31, 164, 53, 177, 59, 153, 53, 23, 55, 10, 109, 71, 187, 220, 70, 230, 58, 184, 255, 217, 59, 127, 127, 194, 31, 164, 53, 230, 59, 145, 53, 30, 55, 92, 0, 238, 186, 103, 29, 78, 59, 184, 255, 217, 59, 127, 127, 194, 31, 59, 53, 177, 59, 5, 53, 194, 54, 30, 159, 28, 187, 237, 217, 180, 186, 206, 6, 30, 60, 0, 0, 230, 113, 169, 58, 8, 50, 139, 53, 170, 51, 14, 15, 64, 187, 214, 123, 36, 177, 206, 6, 30, 60, 0, 0, 230, 113, 222, 58, 55, 49, 238, 53, 91, 52, 221, 217, 52, 187, 73, 104, 31, 177, 206, 6, 30, 60, 0, 0, 230, 113, 222, 58, 8, 50, 219, 53, 96, 52, 233, 83, 38, 187, 29, 15, 192, 186, 206, 6, 30, 60, 0, 0, 230, 113, 169, 58, 55, 49, 153, 53, 143, 51, 254, 102, 181, 186, 100, 25, 29, 187, 148, 61, 93, 58, 63, 63, 193, 95, 181, 58, 116, 53, 176, 48, 97, 59, 93, 25, 29, 187, 19, 103, 181, 186, 117, 162, 115, 58, 63, 63, 193, 95, 234, 58, 11, 53, 17, 50, 61, 59, 93, 25, 29, 187, 19, 103, 181, 186, 148, 61, 93, 58, 63, 63, 193, 95, 234, 58, 116, 53, 17, 50, 97, 59, 254, 102, 181, 186, 100, 25, 29, 187, 117, 162, 115, 58, 63, 63, 193, 95, 181, 58, 11, 53, 176, 48, 61, 59, 239, 70, 102, 59, 84, 45, 149, 176, 167, 87, 120, 59, 0, 0, 230, 13, 59, 53, 230, 59, 0, 40, 30, 55, 114, 29, 78, 59, 80, 0, 238, 186, 167, 87, 120, 59, 0, 0, 230, 13, 164, 53, 177, 59, 47, 44, 194, 54, 5, 109, 71, 59, 252, 70, 230, 186, 167, 87, 120, 59, 0, 0, 230, 13, 164, 53, 230, 59, 58, 44, 204, 54, 67, 0, 110, 59, 183, 57, 147, 176, 167, 87, 120, 59, 0, 0, 230, 13, 59, 53, 177, 59, 135, 39, 23, 55, 10, 109, 71, 187, 220, 70, 230, 58, 211, 167, 92, 59, 127, 127, 230, 13, 59, 53, 230, 59, 2, 53, 41, 49, 75, 0, 110, 187, 132, 186, 50, 177, 211, 167, 92, 59, 127, 127, 230, 13, 164, 53, 177, 59, 91, 52, 61, 49, 245, 70, 102, 187, 2, 75, 48, 177, 211, 167, 92, 59, 127, 127, 230, 13, 164, 53, 230, 59, 94, 52, 41, 49, 117, 29, 78, 187, 48, 0, 238, 58, 211, 167, 92, 59, 127, 127, 230, 13, 59, 53, 177, 59, 5, 53, 61, 49, 245, 70, 102, 187, 2, 75, 48, 177, 211, 167, 92, 59, 127, 127, 26, 13, 59, 53, 230, 59, 94, 52, 41, 49, 111, 29, 78, 187, 92, 0, 238, 186, 211, 167, 92, 59, 127, 127, 26, 13, 164, 53, 177, 59, 143, 51, 147, 48, 4, 109, 71, 187, 5, 71, 230, 186, 211, 167, 92, 59, 127, 127, 26, 13, 164, 53, 230, 59, 158, 51, 132, 48, 75, 0, 110, 187, 132, 186, 50, 177, 211, 167, 92, 59, 127, 127, 26, 13, 59, 53, 177, 59, 91, 52, 61, 49, 221, 217, 52, 187, 73, 104, 31, 177, 206, 6, 30, 60, 0, 0, 26, 113, 169, 58, 8, 50, 219, 53, 96, 52, 238, 83, 38, 187, 247, 14, 192, 58, 206, 6, 30, 60, 0, 0, 26, 113, 222, 58, 55, 49, 238, 53, 5, 53, 35, 159, 28, 187, 198, 217, 180, 58, 206, 6, 30, 60, 0, 0, 26, 113, 222, 58, 8, 50, 219, 53, 0, 53, 14, 15, 64, 187, 214, 123, 36, 177, 206, 6, 30, 60, 0, 0, 26, 113, 169, 58, 55, 49, 238, 53, 91, 52, 91, 25, 29, 59, 13, 103, 181, 186, 148, 61, 93, 58, 193, 63, 194, 31, 181, 58, 116, 53, 61, 59, 238, 53, 4, 103, 181, 58, 98, 25, 29, 187, 117, 162, 115, 58, 193, 63, 194, 31, 234, 58, 11, 53, 97, 59, 141, 52, 4, 103, 181, 58, 98, 25, 29, 187, 148, 61, 93, 58, 193, 63, 194, 31, 234, 58, 116, 53, 61, 59, 141, 52, 91, 25, 29, 59, 13, 103, 181, 186, 117, 162, 115, 58, 193, 63, 194, 31, 181, 58, 11, 53, 97, 59, 238, 53, 190, 0, 198, 47, 245, 70, 102, 187, 184, 255, 217, 59, 127, 127, 100, 76, 59, 53, 230, 59, 2, 53, 153, 56, 74, 0, 238, 58, 117, 29, 78, 187, 184, 255, 217, 59, 127, 127, 100, 76, 164, 53, 177, 59, 91, 52, 158, 56, 244, 70, 230, 58, 10, 109, 71, 187, 184, 255, 217, 59, 127, 127, 100, 76, 164, 53, 230, 59, 94, 52, 153, 56, 183, 214, 210, 47, 74, 0, 110, 187, 184, 255, 217, 59, 127, 127, 100, 76, 59, 53, 177, 59, 5, 53, 158, 56, 88, 227, 136, 47, 15, 15, 64, 187, 148, 61, 93, 58, 215, 152, 0, 51, 181, 58, 116, 53, 55, 58, 70, 58, 236, 70, 230, 186, 11, 109, 71, 187, 211, 167, 92, 59, 215, 152, 0, 51, 234, 58, 11, 53, 238, 57, 150, 57, 190, 0, 198, 47, 245, 70, 102, 187, 211, 167, 92, 59, 215, 152, 0, 51, 234, 58, 116, 53, 70, 58, 156, 57, 236, 70, 230, 186, 11, 109, 71, 187, 211, 167, 92, 59, 215, 152, 245, 53, 234, 58, 11, 53, 238, 57, 150, 57, 88, 227, 136, 47, 15, 15, 64, 187, 148, 61, 93, 58, 215, 152, 245, 53, 181, 58, 116, 53, 55, 58, 70, 58, 7, 15, 192, 186, 239, 83, 38, 187, 148, 61, 93, 58, 215, 152, 245, 53, 181, 58, 11, 53, 238, 57, 65, 58, 5, 71, 230, 186, 252, 108, 71, 59, 167, 87, 120, 59, 0, 0, 100, 76, 59, 53, 230, 59, 58, 44, 153, 56, 137, 63, 53, 175, 69, 0, 110, 59, 167, 87, 120, 59, 0, 0, 100, 76, 164, 53, 177, 59, 135, 39, 116, 56, 83, 90, 59, 175, 239, 70, 102, 59, 167, 87, 120, 59, 0, 0, 100, 76, 164, 53, 230, 59, 0, 40, 112, 56, 92, 0, 238, 186, 103, 29, 78, 59, 167, 87, 120, 59, 0, 0, 100, 76, 59, 53, 177, 59, 47, 44, 158, 56, 35, 159, 28, 187, 198, 217, 180, 58, 206, 6, 30, 60, 0, 0, 63, 95, 169, 58, 8, 50, 219, 53, 0, 53, 28, 15, 192, 186, 225, 83, 38, 59, 206, 6, 30, 60, 0, 0, 63, 95, 222, 58, 55, 49, 153, 53, 153, 53, 235, 217, 180, 186, 22, 159, 28, 59, 206, 6, 30, 60, 0, 0, 63, 95, 222, 58, 8, 50, 139, 53, 139, 53, 238, 83, 38, 187, 247, 14, 192, 58, 206, 6, 30, 60, 0, 0, 63, 95, 169, 58, 55, 49, 238, 53, 5, 53, 18, 103, 181, 186, 85, 25, 29, 59, 148, 61, 93, 58, 25, 156, 100, 76, 181, 58, 116, 53, 238, 53, 61, 59, 51, 117, 65, 175, 254, 102, 53, 59, 117, 162, 115, 58, 25, 156, 100, 76, 234, 58, 11, 53, 61, 53, 97, 59, 51, 117, 65, 175, 254, 102, 53, 59, 148, 61, 93, 58, 25, 156, 100, 76, 234, 58, 116, 53, 61, 53, 61, 59, 18, 103, 181, 186, 85, 25, 29, 59, 117, 162, 115, 58, 25, 156, 100, 76, 181, 58, 11, 53, 238, 53, 97, 59, 244, 70, 230, 58, 10, 109, 71, 187, 211, 167, 92, 59, 127, 127, 63, 95, 59, 53, 230, 59, 158, 51, 0, 40, 114, 29, 78, 59, 80, 0, 238, 186, 211, 167, 92, 59, 127, 127, 63, 95, 164, 53, 177, 59, 91, 52, 105, 32, 5, 109, 71, 59, 252, 70, 230, 186, 211, 167, 92, 59, 127, 127, 63, 95, 164, 53, 230, 59, 94, 52, 179, 33, 74, 0, 238, 58, 117, 29, 78, 187, 211, 167, 92, 59, 127, 127, 63, 95, 59, 53, 177, 59, 143, 51, 135, 39, 83, 90, 59, 175, 239, 70, 102, 59, 167, 87, 120, 59, 0, 0, 100, 50, 59, 53, 230, 59, 0, 40, 112, 56, 71, 0, 238, 58, 108, 29, 78, 59, 167, 87, 120, 59, 0, 0, 100, 50, 164, 53, 177, 59, 105, 32, 42, 56, 242, 70, 230, 58, 0, 109, 71, 59, 167, 87, 120, 59, 0, 0, 100, 50, 164, 53, 230, 59, 179, 33, 41, 56, 137, 63, 53, 175, 69, 0, 110, 59, 167, 87, 120, 59, 0, 0, 100, 50, 59, 53, 177, 59, 135, 39, 116, 56, 5, 109, 71, 59, 233, 70, 230, 58, 211, 167, 92, 59, 127, 127, 193, 95, 59, 53, 230, 59, 145, 53, 0, 40, 71, 0, 238, 58, 108, 29, 78, 59, 211, 167, 92, 59, 127, 127, 193, 95, 164, 53, 177, 59, 238, 53, 47, 44, 242, 70, 230, 58, 0, 109, 71, 59, 211, 167, 92, 59, 127, 127, 193, 95, 164, 53, 230, 59, 228, 53, 58, 44, 114, 29, 78, 59, 62, 0, 238, 58, 211, 167, 92, 59, 127, 127, 193, 95, 59, 53, 177, 59, 153, 53, 135, 39, 235, 217, 180, 186, 22, 159, 28, 59, 206, 6, 30, 60, 0, 0, 100, 76, 169, 58, 8, 50, 139, 53, 139, 53, 171, 195, 84, 175, 7, 15, 64, 59, 206, 6, 30, 60, 0, 0, 100, 76, 222, 58, 55, 49, 5, 53, 238, 53, 117, 117, 64, 175, 215, 217, 52, 59, 206, 6, 30, 60, 0, 0, 100, 76, 222, 58, 8, 50, 0, 53, 219, 53, 28, 15, 192, 186, 225, 83, 38, 59, 206, 6, 30, 60, 0, 0, 100, 76, 169, 58, 55, 49, 153, 53, 153, 53, 1, 103, 181, 58, 88, 25, 29, 59, 148, 61, 93, 58, 193, 193, 62, 31, 181, 58, 116, 53, 61, 59, 44, 57, 91, 25, 29, 59, 249, 102, 181, 58, 117, 162, 115, 58, 193, 193, 62, 31, 234, 58, 11, 53, 97, 59, 123, 56, 91, 25, 29, 59, 249, 102, 181, 58, 148, 61, 93, 58, 193, 193, 62, 31, 234, 58, 116, 53, 61, 59, 123, 56, 1, 103, 181, 58, 88, 25, 29, 59, 117, 162, 115, 58, 193, 193, 62, 31, 181, 58, 11, 53, 97, 59, 44, 57, 83, 90, 59, 175, 239, 70, 102, 59, 211, 167, 92, 59, 127, 127, 156, 50, 59, 53, 230, 59, 228, 53, 205, 46, 92, 0, 238, 186, 103, 29, 78, 59, 211, 167, 92, 59, 127, 127, 156, 50, 164, 53, 177, 59, 153, 53, 147, 48, 5, 71, 230, 186, 252, 108, 71, 59, 211, 167, 92, 59, 127, 127, 156, 50, 164, 53, 230, 59, 145, 53, 132, 48, 137, 63, 53, 175, 69, 0, 110, 59, 211, 167, 92, 59, 127, 127, 156, 50, 59, 53, 177, 59, 238, 53, 217, 46, 13, 15, 192, 58, 238, 83, 38, 187, 148, 61, 93, 58, 41, 152, 11, 53, 181, 58, 116, 53, 170, 57, 17, 46, 190, 0, 198, 47, 245, 70, 102, 187, 211, 167, 92, 59, 41, 152, 11, 53, 234, 58, 11, 53, 8, 57, 105, 32, 244, 70, 230, 58, 10, 109, 71, 187, 211, 167, 92, 59, 41, 152, 11, 53, 234, 58, 116, 53, 185, 57, 105, 32, 190, 0, 198, 47, 245, 70, 102, 187, 211, 167, 92, 59, 41, 152, 0, 51, 234, 58, 11, 53, 8, 57, 105, 32, 13, 15, 192, 58, 238, 83, 38, 187, 148, 61, 93, 58, 41, 152, 0, 51, 181, 58, 116, 53, 170, 57, 17, 46, 88, 227, 136, 47, 15, 15, 64, 187, 148, 61, 93, 58, 41, 152, 0, 51, 181, 58, 11, 53, 23, 57, 17, 46, 83, 90, 59, 175, 239, 70, 102, 59, 184, 255, 217, 59, 127, 127, 156, 50, 59, 53, 230, 59, 94, 52, 204, 54, 92, 0, 238, 186, 103, 29, 78, 59, 184, 255, 217, 59, 127, 127, 156, 50, 164, 53, 177, 59, 5, 53, 194, 54, 5, 71, 230, 186, 252, 108, 71, 59, 184, 255, 217, 59, 127, 127, 156, 50, 164, 53, 230, 59, 2, 53, 204, 54, 137, 63, 53, 175, 69, 0, 110, 59, 184, 255, 217, 59, 127, 127, 156, 50, 59, 53, 177, 59, 91, 52, 194, 54, 30, 159, 28, 59, 210, 217, 180, 58, 134, 35, 29, 60, 0, 0, 177, 86, 182, 58, 74, 52, 116, 56, 147, 48, 117, 117, 64, 175, 215, 217, 52, 59, 134, 35, 29, 60, 0, 0, 177, 86, 209, 58, 74, 52, 158, 56, 47, 44, 217, 217, 180, 58, 26, 159, 28, 59, 134, 35, 29, 60, 0, 0, 177, 86, 196, 58, 67, 52, 158, 56, 217, 46, 35, 159, 28, 187, 198, 217, 180, 58, 134, 35, 29, 60, 0, 0, 177, 86, 222, 58, 120, 52, 42, 56, 105, 32, 235, 217, 180, 186, 22, 159, 28, 59, 134, 35, 29, 60, 0, 0, 177, 86, 218, 58, 93, 52, 116, 56, 135, 39, 37, 22, 131, 47, 222, 217, 52, 187, 134, 35, 29, 60, 0, 0, 177, 86, 182, 58, 165, 52, 194, 54, 217, 46, 30, 159, 28, 187, 237, 217, 180, 186, 134, 35, 29, 60, 0, 0, 177, 86, 209, 58, 165, 52, 23, 55, 135, 39, 30, 159, 28, 59, 230, 217, 180, 186, 134, 35, 29, 60, 0, 0, 177, 86, 169, 58, 120, 52, 170, 55, 61, 49, 221, 217, 52, 187, 73, 104, 31, 177, 134, 35, 29, 60, 0, 0, 177, 86, 218, 58, 146, 52, 170, 55, 105, 32, 215, 217, 180, 186, 36, 159, 28, 187, 134, 35, 29, 60, 0, 0, 177, 86, 196, 58, 172, 52, 194, 54, 47, 44, 220, 217, 180, 58, 36, 159, 28, 187, 134, 35, 29, 60, 0, 0, 177, 86, 173, 58, 146, 52, 23, 55, 147, 48, 216, 217, 52, 59, 82, 81, 159, 176, 134, 35, 29, 60, 0, 0, 177, 86, 173, 58, 93, 52, 42, 56, 61, 49, 93, 25, 29, 187, 19, 103, 181, 186, 148, 61, 93, 58, 100, 25, 230, 113, 181, 58, 116, 53, 17, 50, 97, 59, 5, 103, 53, 187, 55, 168, 31, 177, 117, 162, 115, 58, 100, 25, 230, 113, 234, 58, 11, 53, 114, 51, 61, 59, 5, 103, 53, 187, 55, 168, 31, 177, 148, 61, 93, 58, 100, 25, 230, 113, 234, 58, 116, 53, 114, 51, 97, 59, 93, 25, 29, 187, 19, 103, 181, 186, 117, 162, 115, 58, 100, 25, 230, 113, 181, 58, 11, 53, 17, 50, 61, 59, 5, 109, 71, 59, 252, 70, 230, 186, 167, 87, 120, 59, 0, 0, 194, 31, 59, 53, 230, 59, 58, 44, 204, 54, 74, 0, 238, 58, 117, 29, 78, 187, 167, 87, 120, 59, 0, 0, 194, 31, 164, 53, 177, 59, 217, 46, 194, 54, 244, 70, 230, 58, 10, 109, 71, 187, 167, 87, 120, 59, 0, 0, 194, 31, 164, 53, 230, 59, 205, 46, 204, 54, 114, 29, 78, 59, 80, 0, 238, 186, 167, 87, 120, 59, 0, 0, 194, 31, 59, 53, 177, 59, 47, 44, 194, 54, 245, 70, 102, 187, 2, 75, 48, 177, 184, 255, 217, 59, 127, 127, 26, 13, 59, 53, 230, 59, 228, 53, 173, 55, 111, 29, 78, 187, 92, 0, 238, 186, 184, 255, 217, 59, 127, 127, 26, 13, 164, 53, 177, 59, 238, 53, 42, 56, 4, 109, 71, 187, 5, 71, 230, 186, 184, 255, 217, 59, 127, 127, 26, 13, 164, 53, 230, 59, 228, 53, 41, 56, 75, 0, 110, 187, 132, 186, 50, 177, 184, 255, 217, 59, 127, 127, 26, 13, 59, 53, 177, 59, 238, 53, 170, 55, 4, 109, 71, 187, 5, 71, 230, 186, 103, 97, 233, 59, 0, 0, 230, 113, 59, 53, 230, 59, 205, 46, 179, 33, 75, 0, 110, 187, 132, 186, 50, 177, 103, 97, 233, 59, 0, 0, 230, 113, 164, 53, 177, 59, 147, 48, 135, 39, 245, 70, 102, 187, 2, 75, 48, 177, 103, 97, 233, 59, 0, 0, 230, 113, 164, 53, 230, 59, 132, 48, 0, 40, 111, 29, 78, 187, 92, 0, 238, 186, 103, 97, 233, 59, 0, 0, 230, 113, 59, 53, 177, 59, 217, 46, 105, 32, 30, 159, 28, 59, 230, 217, 180, 186, 206, 6, 30, 60, 156, 25, 26, 113, 181, 58, 116, 53, 176, 58, 211, 58, 216, 217, 52, 59, 82, 81, 159, 176, 134, 35, 29, 60, 156, 25, 26, 113, 234, 58, 11, 53, 8, 59, 176, 58, 216, 217, 52, 59, 82, 81, 159, 176, 206, 6, 30, 60, 156, 25, 26, 113, 234, 58, 116, 53, 8, 59, 211, 58, 30, 159, 28, 59, 230, 217, 180, 186, 134, 35, 29, 60, 156, 25, 26, 113, 181, 58, 11, 53, 176, 58, 176, 58, 4, 103, 181, 58, 98, 25, 29, 187, 148, 61, 93, 58, 231, 100, 156, 50, 181, 58, 116, 53, 61, 59, 17, 56, 52, 95, 131, 47, 5, 103, 53, 187, 117, 162, 115, 58, 231, 100, 156, 50, 234, 58, 11, 53, 97, 59, 114, 55, 52, 95, 131, 47, 5, 103, 53, 187, 148, 61, 93, 58, 231, 100, 156, 50, 234, 58, 116, 53, 61, 59, 114, 55, 4, 103, 181, 58, 98, 25, 29, 187, 117, 162, 115, 58, 231, 100, 156, 50, 181, 58, 11, 53, 97, 59, 17, 56, 244, 70, 230, 58, 10, 109, 71, 187, 184, 255, 217, 59, 127, 127, 63, 95, 59, 53, 230, 59, 94, 52, 153, 56, 114, 29, 78, 59, 80, 0, 238, 186, 184, 255, 217, 59, 127, 127, 63, 95, 164, 53, 177, 59, 143, 51, 116, 56, 5, 109, 71, 59, 252, 70, 230, 186, 184, 255, 217, 59, 127, 127, 63, 95, 164, 53, 230, 59, 158, 51, 112, 56, 74, 0, 238, 58, 117, 29, 78, 187, 184, 255, 217, 59, 127, 127, 63, 95, 59, 53, 177, 59, 91, 52, 158, 56, 233, 83, 38, 59, 21, 15, 192, 186, 148, 61, 93, 58, 71, 185, 19, 57, 181, 58, 116, 53, 114, 55, 65, 58, 244, 70, 230, 58, 10, 109, 71, 187, 211, 167, 92, 59, 71, 185, 19, 57, 234, 58, 11, 53, 194, 54, 156, 57, 5, 109, 71, 59, 252, 70, 230, 186, 211, 167, 92, 59, 71, 185, 19, 57, 234, 58, 116, 53, 114, 55, 150, 57, 244, 70, 230, 58, 10, 109, 71, 187, 211, 167, 92, 59, 71, 185, 11, 53, 234, 58, 11, 53, 194, 54, 156, 57, 233, 83, 38, 59, 21, 15, 192, 186, 148, 61, 93, 58, 71, 185, 11, 53, 181, 58, 116, 53, 114, 55, 65, 58, 13, 15, 192, 58, 238, 83, 38, 187, 148, 61, 93, 58, 71, 185, 11, 53, 181, 58, 11, 53, 223, 54, 70, 58, 10, 109, 71, 187, 220, 70, 230, 58, 167, 87, 120, 59, 0, 0, 63, 95, 59, 53, 230, 59, 205, 46, 153, 56, 92, 0, 238, 186, 103, 29, 78, 59, 167, 87, 120, 59, 0, 0, 63, 95, 164, 53, 177, 59, 47, 44, 158, 56, 5, 71, 230, 186, 252, 108, 71, 59, 167, 87, 120, 59, 0, 0, 63, 95, 164, 53, 230, 59, 58, 44, 153, 56, 117, 29, 78, 187, 48, 0, 238, 58, 167, 87, 120, 59, 0, 0, 63, 95, 59, 53, 177, 59, 217, 46, 158, 56, 235, 217, 180, 186, 22, 159, 28, 59, 206, 6, 30, 60, 63, 193, 194, 31, 181, 58, 116, 53, 123, 56, 176, 58, 35, 159, 28, 187, 198, 217, 180, 58, 134, 35, 29, 60, 63, 193, 194, 31, 234, 58, 11, 53, 44, 57, 211, 58, 35, 159, 28, 187, 198, 217, 180, 58, 206, 6, 30, 60, 63, 193, 194, 31, 234, 58, 116, 53, 44, 57, 176, 58, 235, 217, 180, 186, 22, 159, 28, 59, 134, 35, 29, 60, 63, 193, 194, 31, 181, 58, 11, 53, 123, 56, 211, 58, 91, 25, 29, 59, 249, 102, 181, 58, 148, 61, 93, 58, 156, 231, 26, 13, 181, 58, 116, 53, 17, 46, 61, 59, 0, 103, 53, 59, 82, 81, 159, 176, 117, 162, 115, 58, 156, 231, 26, 13, 234, 58, 11, 53, 158, 42, 97, 59, 0, 103, 53, 59, 82, 81, 159, 176, 148, 61, 93, 58, 156, 231, 26, 13, 234, 58, 116, 53, 158, 42, 61, 59, 91, 25, 29, 59, 249, 102, 181, 58, 117, 162, 115, 58, 156, 231, 26, 13, 181, 58, 11, 53, 17, 46, 97, 59, 244, 70, 230, 58, 10, 109, 71, 187, 103, 97, 233, 59, 0, 0, 156, 50, 59, 53, 230, 59, 179, 33, 58, 44, 183, 214, 210, 47, 74, 0, 110, 187, 103, 97, 233, 59, 0, 0, 156, 50, 164, 53, 177, 59, 135, 39, 135, 39, 190, 0, 198, 47, 245, 70, 102, 187, 103, 97, 233, 59, 0, 0, 156, 50, 164, 53, 230, 59, 0, 40, 0, 40, 74, 0, 238, 58, 117, 29, 78, 187, 103, 97, 233, 59, 0, 0, 156, 50, 59, 53, 177, 59, 105, 32, 47, 44, 239, 70, 102, 59, 84, 45, 149, 176, 103, 97, 233, 59, 0, 0, 230, 13, 59, 53, 230, 59, 0, 40, 132, 48, 114, 29, 78, 59, 80, 0, 238, 186, 103, 97, 233, 59, 0, 0, 230, 13, 164, 53, 177, 59, 105, 32, 217, 46, 5, 109, 71, 59, 252, 70, 230, 186, 103, 97, 233, 59, 0, 0, 230, 13, 164, 53, 230, 59, 179, 33, 205, 46, 67, 0, 110, 59, 183, 57, 147, 176, 103, 97, 233, 59, 0, 0, 230, 13, 59, 53, 177, 59, 135, 39, 147, 48, 242, 70, 230, 58, 0, 109, 71, 59, 103, 97, 233, 59, 0, 0, 62, 31, 59, 53, 230, 59, 205, 46, 41, 49, 114, 29, 78, 59, 62, 0, 238, 58, 103, 97, 233, 59, 0, 0, 62, 31, 164, 53, 177, 59, 47, 44, 61, 49, 5, 109, 71, 59, 233, 70, 230, 58, 103, 97, 233, 59, 0, 0, 62, 31, 164, 53, 230, 59, 58, 44, 41, 49, 71, 0, 238, 58, 108, 29, 78, 59, 103, 97, 233, 59, 0, 0, 62, 31, 59, 53, 177, 59, 217, 46, 61, 49, 217, 217, 180, 58, 26, 159, 28, 59, 206, 6, 30, 60, 231, 156, 156, 76, 181, 58, 116, 53, 97, 59, 176, 48, 117, 117, 64, 175, 215, 217, 52, 59, 134, 35, 29, 60, 231, 156, 156, 76, 234, 58, 11, 53, 61, 59, 17, 50, 117, 117, 64, 175, 215, 217, 52, 59, 206, 6, 30, 60, 231, 156, 156, 76, 234, 58, 116, 53, 97, 59, 17, 50, 217, 217, 180, 58, 26, 159, 28, 59, 134, 35, 29, 60, 231, 156, 156, 76, 181, 58, 11, 53, 61, 59, 176, 48, 92, 0, 238, 186, 103, 29, 78, 59, 184, 255, 217, 59, 231, 100, 0, 63, 59, 53, 230, 59, 203, 59, 141, 52, 137, 63, 53, 175, 69, 0, 110, 59, 103, 97, 233, 59, 231, 100, 0, 63, 164, 53, 177, 59, 238, 59, 61, 53, 92, 0, 238, 186, 103, 29, 78, 59, 103, 97, 233, 59, 231, 100, 0, 63, 164, 53, 230, 59, 238, 59, 141, 52, 137, 63, 53, 175, 69, 0, 110, 59, 184, 255, 217, 59, 231, 100, 0, 63, 59, 53, 177, 59, 203, 59, 61, 53, 9, 15, 64, 59, 82, 81, 159, 176, 148, 61, 93, 58, 104, 215, 23, 63, 181, 58, 116, 53, 2, 56, 70, 58, 5, 109, 71, 59, 252, 70, 230, 186, 211, 167, 92, 59, 104, 215, 23, 63, 234, 58, 11, 53, 114, 55, 150, 57, 239, 70, 102, 59, 84, 45, 149, 176, 211, 167, 92, 59, 104, 215, 23, 63, 234, 58, 116, 53, 17, 56, 156, 57, 5, 109, 71, 59, 252, 70, 230, 186, 211, 167, 92, 59, 104, 215, 19, 57, 234, 58, 11, 53, 114, 55, 150, 57, 9, 15, 64, 59, 82, 81, 159, 176, 148, 61, 93, 58, 104, 215, 19, 57, 181, 58, 116, 53, 2, 56, 70, 58, 233, 83, 38, 59, 21, 15, 192, 186, 148, 61, 93, 58, 104, 215, 19, 57, 181, 58, 11, 53, 114, 55, 65, 58, 4, 109, 71, 187, 5, 71, 230, 186, 211, 167, 92, 59, 127, 127, 62, 31, 59, 53, 230, 59, 158, 51, 132, 48, 65, 0, 238, 186, 120, 29, 78, 187, 211, 167, 92, 59, 127, 127, 62, 31, 164, 53, 177, 59, 229, 50, 217, 46, 236, 70, 230, 186, 11, 109, 71, 187, 211, 167, 92, 59, 127, 127, 62, 31, 164, 53, 230, 59, 250, 50, 205, 46, 111, 29, 78, 187, 92, 0, 238, 186, 211, 167, 92, 59, 127, 127, 62, 31, 59, 53, 177, 59, 143, 51, 147, 48, 30, 159, 28, 187, 237, 217, 180, 186, 206, 6, 30, 60, 63, 63, 62, 31, 181, 58, 116, 53, 167, 53, 35, 58, 215, 217, 180, 186, 36, 159, 28, 187, 134, 35, 29, 60, 63, 63, 62, 31, 234, 58, 11, 53, 238, 53, 211, 58, 215, 217, 180, 186, 36, 159, 28, 187, 206, 6, 30, 60, 63, 63, 62, 31, 234, 58, 116, 53, 167, 53, 211, 58, 30, 159, 28, 187, 237, 217, 180, 186, 134, 35, 29, 60, 63, 63, 62, 31, 181, 58, 11, 53, 238, 53, 35, 58, 117, 29, 78, 187, 48, 0, 238, 58, 184, 255, 217, 59, 193, 63, 0, 63, 59, 53, 230, 59, 17, 56, 238, 59, 92, 0, 238, 186, 103, 29, 78, 59, 103, 97, 233, 59, 193, 63, 0, 63, 164, 53, 177, 59, 194, 54, 203, 59, 117, 29, 78, 187, 48, 0, 238, 58, 103, 97, 233, 59, 193, 63, 0, 63, 164, 53, 230, 59, 17, 56, 203, 59, 92, 0, 238, 186, 103, 29, 78, 59, 184, 255, 217, 59, 193, 63, 0, 63, 59, 53, 177, 59, 194, 54, 238, 59, 10, 109, 71, 187, 220, 70, 230, 58, 103, 97, 233, 59, 0, 0, 63, 95, 59, 53, 230, 59, 41, 49, 58, 44, 92, 0, 238, 186, 103, 29, 78, 59, 103, 97, 233, 59, 0, 0, 63, 95, 164, 53, 177, 59, 61, 49, 217, 46, 5, 71, 230, 186, 252, 108, 71, 59, 103, 97, 233, 59, 0, 0, 63, 95, 164, 53, 230, 59, 41, 49, 205, 46, 117, 29, 78, 187, 48, 0, 238, 58, 103, 97, 233, 59, 0, 0, 63, 95, 59, 53, 177, 59, 61, 49, 47, 44, 245, 70, 102, 187, 2, 75, 48, 177, 167, 87, 120, 59, 0, 0, 26, 113, 59, 53, 230, 59, 132, 48, 112, 56, 117, 29, 78, 187, 48, 0, 238, 58, 167, 87, 120, 59, 0, 0, 26, 113, 164, 53, 177, 59, 217, 46, 158, 56, 10, 109, 71, 187, 220, 70, 230, 58, 167, 87, 120, 59, 0, 0, 26, 113, 164, 53, 230, 59, 205, 46, 153, 56, 75, 0, 110, 187, 132, 186, 50, 177, 167, 87, 120, 59, 0, 0, 26, 113, 59, 53, 177, 59, 147, 48, 116, 56, 220, 217, 180, 58, 36, 159, 28, 187, 206, 6, 30, 60, 193, 63, 63, 95, 181, 58, 116, 53, 176, 58, 150, 57, 30, 159, 28, 59, 230, 217, 180, 186, 134, 35, 29, 60, 193, 63, 63, 95, 234, 58, 11, 53, 211, 58, 70, 58, 30, 159, 28, 59, 230, 217, 180, 186, 206, 6, 30, 60, 193, 63, 63, 95, 234, 58, 116, 53, 176, 58, 70, 58, 220, 217, 180, 58, 36, 159, 28, 187, 134, 35, 29, 60, 193, 63, 63, 95, 181, 58, 11, 53, 211, 58, 150, 57 ),
"array_index_data": PoolByteArray( 0, 0, 1, 0, 2, 0, 1, 0, 0, 0, 3, 0, 4, 0, 5, 0, 6, 0, 7, 0, 8, 0, 9, 0, 10, 0, 11, 0, 12, 0, 13, 0, 14, 0, 15, 0, 16, 0, 17, 0, 18, 0, 17, 0, 16, 0, 19, 0, 20, 0, 21, 0, 22, 0, 21, 0, 20, 0, 23, 0, 24, 0, 25, 0, 26, 0, 25, 0, 24, 0, 27, 0, 28, 0, 29, 0, 30, 0, 29, 0, 28, 0, 31, 0, 32, 0, 33, 0, 34, 0, 35, 0, 36, 0, 37, 0, 38, 0, 39, 0, 40, 0, 39, 0, 38, 0, 41, 0, 42, 0, 43, 0, 44, 0, 43, 0, 42, 0, 45, 0, 46, 0, 47, 0, 48, 0, 47, 0, 46, 0, 49, 0, 50, 0, 51, 0, 52, 0, 51, 0, 50, 0, 53, 0, 54, 0, 55, 0, 56, 0, 57, 0, 58, 0, 59, 0, 60, 0, 61, 0, 62, 0, 61, 0, 60, 0, 63, 0, 64, 0, 65, 0, 66, 0, 65, 0, 64, 0, 67, 0, 68, 0, 69, 0, 70, 0, 69, 0, 68, 0, 71, 0, 72, 0, 73, 0, 74, 0, 73, 0, 72, 0, 75, 0, 76, 0, 77, 0, 78, 0, 79, 0, 80, 0, 81, 0, 82, 0, 83, 0, 84, 0, 83, 0, 82, 0, 85, 0, 86, 0, 87, 0, 88, 0, 87, 0, 86, 0, 89, 0, 90, 0, 91, 0, 92, 0, 91, 0, 90, 0, 93, 0, 94, 0, 95, 0, 96, 0, 97, 0, 98, 0, 99, 0, 100, 0, 101, 0, 102, 0, 103, 0, 104, 0, 105, 0, 106, 0, 107, 0, 108, 0, 107, 0, 106, 0, 109, 0, 110, 0, 111, 0, 112, 0, 111, 0, 110, 0, 113, 0, 114, 0, 115, 0, 116, 0, 115, 0, 114, 0, 117, 0, 118, 0, 119, 0, 120, 0, 119, 0, 118, 0, 121, 0, 122, 0, 123, 0, 124, 0, 125, 0, 126, 0, 127, 0, 128, 0, 129, 0, 130, 0, 129, 0, 128, 0, 131, 0, 132, 0, 133, 0, 134, 0, 133, 0, 132, 0, 135, 0, 136, 0, 137, 0, 138, 0, 137, 0, 136, 0, 139, 0, 140, 0, 141, 0, 142, 0, 141, 0, 140, 0, 143, 0, 144, 0, 145, 0, 146, 0, 147, 0, 148, 0, 149, 0, 150, 0, 151, 0, 152, 0, 151, 0, 150, 0, 153, 0, 154, 0, 155, 0, 156, 0, 155, 0, 154, 0, 157, 0, 158, 0, 159, 0, 160, 0, 159, 0, 158, 0, 161, 0, 162, 0, 163, 0, 164, 0, 163, 0, 162, 0, 165, 0, 166, 0, 167, 0, 168, 0, 169, 0, 170, 0, 171, 0, 172, 0, 173, 0, 174, 0, 173, 0, 172, 0, 175, 0, 176, 0, 177, 0, 178, 0, 177, 0, 176, 0, 179, 0, 180, 0, 181, 0, 182, 0, 181, 0, 180, 0, 183, 0, 184, 0, 185, 0, 186, 0, 185, 0, 184, 0, 187, 0, 188, 0, 189, 0, 190, 0, 191, 0, 192, 0, 193, 0, 194, 0, 195, 0, 196, 0, 195, 0, 194, 0, 197, 0, 198, 0, 199, 0, 200, 0, 199, 0, 198, 0, 201, 0, 202, 0, 203, 0, 204, 0, 203, 0, 202, 0, 205, 0, 206, 0, 207, 0, 208, 0, 207, 0, 206, 0, 209, 0, 210, 0, 211, 0, 212, 0, 213, 0, 214, 0, 215, 0, 216, 0, 217, 0, 218, 0, 217, 0, 216, 0, 219, 0, 220, 0, 221, 0, 222, 0, 221, 0, 220, 0, 223, 0, 224, 0, 225, 0, 226, 0, 225, 0, 224, 0, 227, 0, 228, 0, 229, 0, 230, 0, 229, 0, 228, 0, 231, 0, 232, 0, 233, 0, 234, 0, 233, 0, 232, 0, 235, 0, 236, 0, 237, 0, 238, 0, 237, 0, 236, 0, 239, 0, 240, 0, 241, 0, 242, 0, 241, 0, 240, 0, 243, 0, 244, 0, 245, 0, 246, 0, 245, 0, 244, 0, 247, 0, 248, 0, 249, 0, 250, 0, 249, 0, 248, 0, 251, 0, 252, 0, 253, 0, 254, 0, 255, 0, 0, 1, 1, 1, 2, 1, 3, 1, 4, 1, 3, 1, 2, 1, 5, 1, 6, 1, 7, 1, 8, 1, 7, 1, 6, 1, 9, 1, 10, 1, 11, 1, 12, 1, 11, 1, 10, 1, 13, 1, 14, 1, 15, 1, 16, 1, 15, 1, 14, 1, 17, 1, 18, 1, 19, 1, 20, 1, 21, 1, 22, 1, 23, 1, 24, 1, 25, 1, 26, 1, 25, 1, 24, 1, 27, 1, 28, 1, 29, 1, 30, 1, 29, 1, 28, 1, 31, 1, 32, 1, 33, 1, 34, 1, 33, 1, 32, 1, 35, 1, 36, 1, 37, 1, 38, 1, 37, 1, 36, 1, 39, 1, 40, 1, 41, 1, 42, 1, 41, 1, 40, 1, 43, 1, 44, 1, 45, 1, 46, 1, 45, 1, 44, 1, 47, 1, 48, 1, 49, 1, 50, 1, 49, 1, 48, 1, 51, 1, 52, 1, 53, 1, 54, 1, 53, 1, 52, 1, 55, 1, 56, 1, 57, 1, 58, 1, 57, 1, 56, 1, 59, 1, 60, 1, 61, 1, 62, 1, 63, 1, 64, 1, 65, 1, 66, 1, 67, 1, 68, 1, 67, 1, 66, 1, 69, 1, 70, 1, 71, 1, 72, 1, 71, 1, 70, 1, 73, 1, 74, 1, 75, 1, 76, 1, 75, 1, 74, 1, 77, 1, 78, 1, 79, 1, 80, 1, 79, 1, 78, 1, 81, 1, 82, 1, 83, 1, 84, 1, 83, 1, 82, 1, 85, 1, 86, 1, 87, 1, 88, 1, 87, 1, 86, 1, 89, 1, 90, 1, 91, 1, 92, 1, 91, 1, 90, 1, 93, 1, 94, 1, 95, 1, 96, 1, 95, 1, 94, 1, 97, 1, 98, 1, 99, 1, 100, 1, 99, 1, 98, 1, 101, 1, 102, 1, 103, 1, 104, 1, 103, 1, 102, 1, 105, 1, 106, 1, 107, 1, 108, 1, 107, 1, 106, 1, 109, 1, 110, 1, 111, 1, 112, 1, 111, 1, 110, 1, 113, 1, 114, 1, 115, 1, 116, 1, 115, 1, 114, 1, 117, 1, 118, 1, 119, 1, 120, 1, 119, 1, 118, 1, 121, 1, 122, 1, 123, 1, 124, 1, 123, 1, 122, 1, 125, 1, 126, 1, 127, 1, 128, 1, 127, 1, 126, 1, 129, 1, 130, 1, 131, 1, 132, 1, 131, 1, 130, 1, 133, 1, 134, 1, 135, 1, 136, 1, 135, 1, 137, 1, 136, 1, 137, 1, 138, 1, 136, 1, 135, 1, 139, 1, 137, 1, 138, 1, 140, 1, 136, 1, 137, 1, 141, 1, 138, 1, 140, 1, 142, 1, 136, 1, 138, 1, 143, 1, 140, 1, 141, 1, 144, 1, 138, 1, 137, 1, 145, 1, 141, 1, 146, 1, 147, 1, 148, 1, 147, 1, 146, 1, 149, 1, 150, 1, 151, 1, 152, 1, 153, 1, 154, 1, 155, 1, 156, 1, 157, 1, 158, 1, 157, 1, 156, 1, 159, 1, 160, 1, 161, 1, 162, 1, 161, 1, 160, 1, 163, 1, 164, 1, 165, 1, 166, 1, 165, 1, 164, 1, 167, 1, 168, 1, 169, 1, 170, 1, 169, 1, 168, 1, 171, 1, 172, 1, 173, 1, 174, 1, 173, 1, 172, 1, 175, 1, 176, 1, 177, 1, 178, 1, 177, 1, 176, 1, 179, 1, 180, 1, 181, 1, 182, 1, 181, 1, 180, 1, 183, 1, 184, 1, 185, 1, 186, 1, 185, 1, 184, 1, 187, 1, 188, 1, 189, 1, 190, 1, 189, 1, 188, 1, 191, 1, 192, 1, 193, 1, 194, 1, 195, 1, 196, 1, 197, 1, 198, 1, 199, 1, 200, 1, 199, 1, 198, 1, 201, 1, 202, 1, 203, 1, 204, 1, 203, 1, 202, 1, 205, 1, 206, 1, 207, 1, 208, 1, 207, 1, 206, 1, 209, 1, 210, 1, 211, 1, 212, 1, 211, 1, 210, 1, 213, 1, 214, 1, 215, 1, 216, 1, 215, 1, 214, 1, 217, 1, 218, 1, 219, 1, 220, 1, 219, 1, 218, 1, 221, 1, 222, 1, 223, 1, 224, 1, 223, 1, 222, 1, 225, 1, 226, 1, 227, 1, 228, 1, 227, 1, 226, 1, 229, 1, 230, 1, 231, 1, 232, 1, 231, 1, 230, 1, 233, 1, 234, 1, 235, 1, 236, 1, 237, 1, 238, 1, 239, 1, 240, 1, 241, 1, 242, 1, 241, 1, 240, 1, 243, 1, 244, 1, 245, 1, 246, 1, 245, 1, 244, 1, 247, 1, 248, 1, 249, 1, 250, 1, 249, 1, 248, 1, 251, 1, 252, 1, 253, 1, 254, 1, 253, 1, 252, 1, 255, 1, 0, 2, 1, 2, 2, 2, 1, 2, 0, 2, 3, 2, 4, 2, 5, 2, 6, 2, 5, 2, 4, 2, 7, 2, 8, 2, 9, 2, 10, 2, 9, 2, 8, 2, 11, 2, 12, 2, 13, 2, 14, 2, 13, 2, 12, 2, 15, 2, 16, 2, 17, 2, 18, 2, 17, 2, 16, 2, 19, 2, 20, 2, 21, 2, 22, 2, 23, 2, 24, 2, 25, 2, 26, 2, 27, 2, 28, 2, 27, 2, 26, 2, 29, 2, 30, 2, 31, 2, 32, 2, 31, 2, 30, 2, 33, 2, 34, 2, 35, 2, 36, 2, 35, 2, 34, 2, 37, 2, 38, 2, 39, 2, 40, 2, 39, 2, 38, 2, 41, 2, 42, 2, 43, 2, 44, 2, 43, 2, 42, 2, 45, 2, 46, 2, 47, 2, 48, 2, 47, 2, 46, 2, 49, 2, 50, 2, 51, 2, 52, 2, 51, 2, 50, 2, 53, 2, 54, 2, 55, 2, 56, 2, 55, 2, 54, 2, 57, 2, 58, 2, 59, 2, 60, 2, 59, 2, 58, 2, 61, 2, 62, 2, 63, 2, 64, 2, 65, 2, 66, 2, 67, 2, 68, 2, 69, 2, 70, 2, 69, 2, 68, 2, 71, 2, 72, 2, 73, 2, 74, 2, 72, 2, 75, 2, 73, 2, 75, 2, 76, 2, 73, 2, 72, 2, 77, 2, 75, 2, 77, 2, 78, 2, 75, 2, 72, 2, 79, 2, 77, 2, 78, 2, 80, 2, 75, 2, 77, 2, 81, 2, 78, 2, 79, 2, 82, 2, 77, 2, 72, 2, 83, 2, 79, 2, 84, 2, 85, 2, 86, 2, 85, 2, 84, 2, 87, 2, 88, 2, 89, 2, 90, 2, 89, 2, 88, 2, 91, 2, 92, 2, 93, 2, 94, 2, 93, 2, 92, 2, 95, 2, 96, 2, 97, 2, 98, 2, 97, 2, 96, 2, 99, 2, 100, 2, 101, 2, 102, 2, 101, 2, 100, 2, 103, 2, 104, 2, 105, 2, 106, 2, 105, 2, 104, 2, 107, 2, 108, 2, 109, 2, 110, 2, 109, 2, 108, 2, 111, 2, 112, 2, 113, 2, 114, 2, 115, 2, 116, 2, 117, 2, 118, 2, 119, 2, 120, 2, 119, 2, 118, 2, 121, 2, 122, 2, 123, 2, 124, 2, 123, 2, 122, 2, 125, 2, 126, 2, 127, 2, 128, 2, 127, 2, 126, 2, 129, 2, 130, 2, 131, 2, 132, 2, 131, 2, 130, 2, 133, 2, 134, 2, 135, 2, 136, 2, 135, 2, 134, 2, 137, 2, 138, 2, 139, 2, 140, 2, 139, 2, 138, 2, 141, 2, 142, 2, 143, 2, 144, 2, 143, 2, 142, 2, 145, 2, 146, 2, 147, 2, 148, 2, 147, 2, 146, 2, 149, 2, 150, 2, 151, 2, 152, 2, 153, 2, 154, 2, 155, 2, 156, 2, 157, 2, 158, 2, 157, 2, 156, 2, 159, 2, 160, 2, 161, 2, 162, 2, 161, 2, 160, 2, 163, 2, 164, 2, 165, 2, 166, 2, 165, 2, 164, 2, 167, 2, 168, 2, 169, 2, 170, 2, 169, 2, 168, 2, 171, 2, 172, 2, 173, 2, 174, 2, 173, 2, 172, 2, 175, 2, 176, 2, 177, 2, 178, 2, 177, 2, 176, 2, 179, 2 ),
"blend_shape_data": [  ],
"format": 2194743,
"index_count": 996,
"material": SubResource( 1 ),
"primitive": 4,
"skeleton_aabb": [  ],
"vertex_count": 692
}
