[gd_resource type="ArrayMesh" load_steps=3 format=2]

[ext_resource path="res://models/nordictavern/Texture.png" type="Texture" id=1]

[sub_resource type="SpatialMaterial" id=1]
albedo_texture = ExtResource( 1 )

[resource]
lightmap_size_hint = Vector2( 22, 22 )
blend_shape_mode = 0
surfaces/0 = {
"aabb": AABB( -0.00185308, -0.00176595, 0, 0.00370616, 0.00361903, 0.00103019 ),
"array_data": PoolByteArray( 183, 220, 45, 185, 196, 175, 24, 186, 180, 80, 129, 58, 94, 226, 127, 64, 192, 40, 48, 56, 189, 59, 206, 49, 0, 0, 0, 0, 2, 170, 150, 184, 118, 7, 135, 58, 94, 226, 127, 64, 192, 40, 48, 56, 209, 59, 0, 52, 48, 2, 197, 43, 0, 170, 150, 184, 181, 80, 129, 58, 94, 226, 127, 64, 192, 40, 48, 56, 189, 59, 0, 52, 73, 156, 47, 185, 87, 8, 26, 186, 116, 7, 135, 58, 94, 226, 127, 64, 192, 40, 48, 56, 209, 59, 201, 49, 75, 11, 116, 58, 71, 79, 49, 58, 47, 173, 106, 58, 16, 16, 234, 124, 88, 39, 93, 56, 96, 50, 128, 56, 43, 64, 189, 57, 233, 61, 2, 58, 116, 7, 135, 58, 16, 16, 234, 124, 83, 40, 26, 56, 183, 49, 44, 56, 231, 78, 49, 58, 155, 11, 116, 58, 47, 173, 106, 58, 16, 16, 234, 124, 31, 42, 65, 56, 230, 50, 82, 56, 43, 64, 189, 57, 233, 61, 2, 58, 116, 7, 135, 58, 16, 16, 55, 109, 83, 40, 26, 56, 183, 49, 44, 56, 75, 11, 116, 58, 71, 79, 49, 58, 47, 173, 106, 58, 16, 16, 55, 109, 88, 39, 93, 56, 96, 50, 128, 56, 163, 61, 2, 58, 202, 64, 189, 57, 116, 7, 135, 58, 16, 16, 55, 109, 128, 35, 54, 56, 112, 49, 68, 56, 240, 110, 186, 57, 3, 114, 143, 186, 47, 173, 106, 58, 10, 235, 101, 43, 88, 39, 93, 56, 80, 43, 82, 56, 77, 64, 189, 57, 132, 61, 2, 186, 116, 7, 135, 58, 10, 235, 101, 43, 83, 40, 26, 56, 148, 46, 68, 56, 7, 79, 49, 58, 50, 11, 116, 186, 47, 173, 106, 58, 10, 235, 101, 43, 31, 42, 65, 56, 180, 44, 128, 56, 77, 64, 189, 57, 132, 61, 2, 186, 116, 7, 135, 58, 10, 235, 72, 27, 83, 40, 26, 56, 148, 46, 68, 56, 240, 110, 186, 57, 3, 114, 143, 186, 47, 173, 106, 58, 10, 235, 72, 27, 88, 39, 93, 56, 80, 43, 82, 56, 132, 253, 70, 57, 84, 27, 25, 186, 116, 7, 135, 58, 10, 235, 72, 27, 128, 35, 54, 56, 5, 46, 44, 56, 251, 195, 142, 186, 10, 128, 196, 58, 0, 0, 0, 0, 127, 127, 95, 47, 136, 37, 45, 56, 83, 59, 209, 56, 251, 127, 196, 186, 10, 196, 142, 58, 0, 0, 0, 0, 127, 127, 95, 47, 26, 37, 52, 56, 13, 59, 232, 56, 215, 28, 22, 186, 240, 255, 230, 58, 0, 0, 0, 0, 127, 127, 95, 47, 51, 38, 40, 56, 143, 59, 166, 56, 0, 0, 0, 0, 2, 170, 150, 184, 0, 0, 0, 0, 127, 127, 95, 47, 4, 40, 60, 56, 224, 58, 247, 55, 153, 28, 22, 58, 245, 255, 230, 58, 0, 0, 0, 0, 127, 127, 95, 47, 252, 39, 35, 56, 209, 59, 36, 56, 30, 227, 242, 186, 16, 242, 29, 49, 0, 0, 0, 0, 127, 127, 95, 47, 28, 37, 67, 56, 125, 58, 209, 56, 98, 36, 2, 176, 51, 227, 242, 58, 0, 0, 0, 0, 127, 127, 95, 47, 12, 39, 36, 56, 186, 59, 106, 56, 230, 127, 196, 58, 28, 196, 142, 58, 0, 0, 0, 0, 127, 127, 95, 47, 227, 40, 40, 56, 186, 59, 42, 55, 251, 127, 196, 186, 225, 195, 142, 186, 0, 0, 0, 0, 127, 127, 95, 47, 57, 38, 79, 56, 22, 58, 106, 56, 220, 255, 230, 186, 246, 28, 22, 58, 0, 0, 0, 0, 127, 127, 95, 47, 245, 36, 60, 56, 195, 58, 232, 56, 225, 195, 142, 58, 20, 128, 196, 58, 0, 0, 0, 0, 127, 127, 95, 47, 118, 40, 36, 56, 209, 59, 182, 55, 25, 227, 242, 58, 173, 60, 143, 49, 0, 0, 0, 0, 127, 127, 95, 47, 113, 41, 52, 56, 83, 59, 92, 54, 206, 53, 16, 186, 112, 119, 231, 186, 0, 0, 0, 0, 127, 127, 95, 47, 6, 40, 84, 56, 0, 58, 176, 55, 220, 255, 230, 186, 169, 28, 22, 186, 0, 0, 0, 0, 127, 127, 95, 47, 140, 37, 74, 56, 66, 58, 166, 56, 210, 255, 230, 58, 25, 29, 22, 58, 0, 0, 0, 0, 127, 127, 95, 47, 57, 41, 45, 56, 143, 59, 178, 54, 245, 127, 196, 58, 220, 195, 142, 186, 0, 0, 0, 0, 127, 127, 95, 47, 114, 41, 67, 56, 195, 58, 46, 54, 251, 195, 142, 186, 225, 127, 196, 186, 0, 0, 0, 0, 127, 127, 95, 47, 18, 39, 83, 56, 0, 58, 36, 56, 220, 255, 230, 58, 138, 28, 22, 186, 0, 0, 0, 0, 127, 127, 95, 47, 133, 41, 59, 56, 13, 59, 46, 54, 210, 28, 22, 58, 194, 255, 230, 186, 0, 0, 0, 0, 127, 127, 95, 47, 230, 40, 79, 56, 66, 58, 178, 54, 251, 195, 142, 58, 220, 127, 196, 186, 0, 0, 0, 0, 127, 127, 95, 47, 59, 41, 74, 56, 125, 58, 92, 54, 25, 227, 242, 58, 173, 60, 143, 49, 0, 0, 0, 0, 109, 17, 215, 120, 88, 39, 93, 56, 249, 55, 116, 59, 210, 255, 230, 58, 25, 29, 22, 58, 178, 123, 140, 57, 109, 17, 215, 120, 83, 40, 26, 56, 7, 55, 168, 59, 210, 255, 230, 58, 25, 29, 22, 58, 0, 0, 0, 0, 109, 17, 215, 120, 31, 42, 65, 56, 6, 55, 118, 59, 25, 227, 242, 58, 173, 60, 143, 49, 178, 123, 140, 57, 109, 17, 215, 120, 128, 35, 54, 56, 249, 55, 166, 59, 210, 255, 230, 58, 25, 29, 22, 58, 178, 123, 140, 57, 64, 32, 206, 112, 88, 39, 93, 56, 248, 55, 209, 37, 205, 38, 187, 58, 107, 249, 135, 58, 166, 126, 251, 57, 64, 32, 206, 112, 83, 40, 26, 56, 138, 55, 207, 43, 230, 127, 196, 58, 28, 196, 142, 58, 178, 123, 140, 57, 64, 32, 206, 112, 31, 42, 65, 56, 127, 55, 61, 40, 205, 38, 187, 58, 107, 249, 135, 58, 166, 126, 251, 57, 64, 32, 205, 112, 83, 40, 26, 56, 138, 55, 207, 43, 210, 255, 230, 58, 25, 29, 22, 58, 178, 123, 140, 57, 64, 32, 205, 112, 88, 39, 93, 56, 248, 55, 209, 37, 144, 2, 220, 58, 238, 248, 14, 58, 166, 126, 251, 57, 64, 32, 205, 112, 128, 35, 54, 56, 252, 55, 157, 42, 113, 248, 14, 58, 179, 2, 220, 58, 166, 126, 251, 57, 8, 56, 165, 93, 88, 39, 93, 56, 187, 54, 187, 47, 52, 102, 7, 176, 126, 29, 195, 58, 205, 235, 64, 58, 8, 56, 165, 93, 83, 40, 26, 56, 169, 54, 100, 50, 3, 91, 3, 176, 41, 85, 231, 58, 166, 126, 251, 57, 8, 56, 165, 93, 31, 42, 65, 56, 106, 54, 117, 49, 52, 102, 7, 176, 126, 29, 195, 58, 205, 235, 64, 58, 8, 56, 170, 97, 83, 40, 26, 56, 169, 54, 100, 50, 113, 248, 14, 58, 179, 2, 220, 58, 166, 126, 251, 57, 8, 56, 170, 97, 88, 39, 93, 56, 187, 54, 187, 47, 133, 44, 241, 57, 208, 144, 185, 58, 205, 235, 64, 58, 8, 56, 170, 97, 128, 35, 54, 56, 237, 54, 12, 49, 21, 95, 101, 186, 215, 217, 157, 186, 205, 235, 64, 58, 240, 224, 63, 23, 88, 39, 93, 56, 85, 40, 42, 55, 254, 110, 186, 185, 7, 114, 143, 186, 47, 173, 106, 58, 240, 224, 63, 23, 83, 40, 26, 56, 54, 42, 198, 55, 231, 44, 241, 185, 162, 144, 185, 186, 205, 235, 64, 58, 240, 224, 63, 23, 31, 42, 65, 56, 209, 37, 182, 55, 254, 110, 186, 185, 7, 114, 143, 186, 47, 173, 106, 58, 240, 224, 56, 16, 83, 40, 26, 56, 54, 42, 198, 55, 21, 95, 101, 186, 215, 217, 157, 186, 205, 235, 64, 58, 240, 224, 56, 16, 88, 39, 93, 56, 85, 40, 42, 55, 15, 79, 49, 186, 55, 11, 116, 186, 47, 173, 106, 58, 240, 224, 56, 16, 128, 35, 54, 56, 80, 43, 90, 55, 68, 174, 12, 186, 51, 8, 226, 186, 14, 216, 54, 56, 94, 226, 127, 64, 192, 40, 48, 56, 19, 58, 61, 39, 206, 53, 16, 186, 112, 119, 231, 186, 178, 123, 140, 57, 94, 226, 127, 64, 192, 40, 48, 56, 121, 58, 209, 37, 68, 174, 12, 186, 51, 8, 226, 186, 90, 234, 135, 57, 94, 226, 127, 64, 192, 40, 48, 56, 117, 58, 61, 39, 206, 53, 16, 186, 112, 119, 231, 186, 0, 0, 0, 0, 94, 226, 127, 64, 192, 40, 48, 56, 0, 58, 209, 37, 176, 220, 45, 57, 192, 175, 24, 186, 180, 80, 129, 58, 162, 226, 127, 64, 192, 45, 160, 55, 85, 54, 92, 56, 32, 78, 172, 57, 72, 18, 142, 186, 137, 221, 95, 58, 162, 226, 127, 64, 192, 45, 160, 55, 205, 54, 165, 55, 48, 2, 197, 43, 0, 170, 150, 184, 181, 80, 129, 58, 162, 226, 127, 64, 192, 45, 160, 55, 85, 54, 232, 56, 56, 2, 197, 171, 2, 170, 150, 184, 15, 216, 54, 56, 162, 226, 127, 64, 192, 45, 160, 55, 213, 56, 232, 56, 66, 174, 12, 58, 47, 8, 226, 186, 14, 216, 54, 56, 162, 226, 127, 64, 192, 45, 160, 55, 213, 56, 69, 54, 27, 28, 6, 58, 18, 234, 215, 186, 87, 30, 238, 57, 162, 226, 127, 64, 192, 45, 160, 55, 27, 56, 111, 54, 65, 174, 12, 58, 46, 8, 226, 186, 90, 234, 135, 57, 162, 226, 127, 64, 192, 45, 160, 55, 115, 56, 69, 54, 211, 103, 225, 57, 216, 243, 182, 186, 193, 86, 55, 58, 162, 226, 127, 64, 192, 45, 160, 55, 89, 55, 249, 54, 31, 114, 143, 186, 73, 111, 186, 57, 47, 173, 106, 58, 232, 3, 179, 31, 88, 39, 93, 56, 207, 48, 152, 54, 164, 252, 32, 186, 253, 17, 57, 49, 116, 7, 135, 58, 232, 3, 179, 31, 83, 40, 26, 56, 32, 48, 63, 55, 235, 211, 150, 186, 65, 108, 45, 49, 47, 173, 106, 58, 232, 3, 179, 31, 31, 42, 65, 56, 214, 47, 152, 54, 164, 252, 32, 186, 253, 17, 57, 49, 116, 7, 135, 58, 232, 3, 146, 44, 83, 40, 26, 56, 32, 48, 63, 55, 31, 114, 143, 186, 73, 111, 186, 57, 47, 173, 106, 58, 232, 3, 146, 44, 88, 39, 93, 56, 207, 48, 152, 54, 142, 27, 25, 186, 80, 254, 70, 57, 116, 7, 135, 58, 232, 3, 146, 44, 128, 35, 54, 56, 154, 48, 63, 55, 239, 44, 241, 185, 205, 144, 185, 58, 205, 235, 64, 58, 240, 32, 132, 51, 88, 39, 93, 56, 164, 51, 42, 55, 15, 79, 49, 186, 142, 11, 116, 58, 47, 173, 106, 58, 240, 32, 132, 51, 83, 40, 26, 56, 96, 50, 254, 54, 21, 95, 101, 186, 0, 218, 157, 58, 205, 235, 64, 58, 240, 32, 132, 51, 31, 42, 65, 56, 247, 50, 178, 54, 15, 79, 49, 186, 142, 11, 116, 58, 47, 173, 106, 58, 240, 32, 146, 83, 83, 40, 26, 56, 96, 50, 254, 54, 239, 44, 241, 185, 205, 144, 185, 58, 205, 235, 64, 58, 240, 32, 146, 83, 88, 39, 93, 56, 164, 51, 42, 55, 5, 111, 186, 185, 52, 114, 143, 58, 47, 173, 106, 58, 240, 32, 146, 83, 128, 35, 54, 56, 230, 50, 90, 55, 153, 28, 22, 58, 245, 255, 230, 58, 178, 123, 140, 57, 12, 80, 153, 85, 88, 39, 93, 56, 13, 49, 163, 59, 3, 91, 3, 176, 41, 85, 231, 58, 166, 126, 251, 57, 12, 80, 153, 85, 83, 40, 26, 56, 67, 47, 199, 59, 98, 36, 2, 176, 51, 227, 242, 58, 178, 123, 140, 57, 12, 80, 153, 85, 31, 42, 65, 56, 66, 47, 161, 59, 3, 91, 3, 176, 41, 85, 231, 58, 166, 126, 251, 57, 12, 80, 153, 86, 83, 40, 26, 56, 67, 47, 199, 59, 153, 28, 22, 58, 245, 255, 230, 58, 178, 123, 140, 57, 12, 80, 153, 86, 88, 39, 93, 56, 13, 49, 163, 59, 113, 248, 14, 58, 179, 2, 220, 58, 166, 126, 251, 57, 12, 80, 153, 86, 128, 35, 54, 56, 5, 49, 201, 59, 251, 195, 142, 186, 225, 127, 196, 186, 0, 0, 0, 0, 214, 172, 92, 33, 88, 39, 93, 56, 114, 48, 0, 58, 210, 28, 22, 186, 199, 255, 230, 186, 178, 123, 140, 57, 214, 172, 92, 33, 83, 40, 26, 56, 217, 38, 92, 58, 210, 28, 22, 186, 199, 255, 230, 186, 0, 0, 0, 0, 214, 172, 92, 33, 31, 42, 65, 56, 219, 38, 0, 58, 251, 195, 142, 186, 225, 127, 196, 186, 178, 123, 140, 57, 214, 172, 92, 33, 128, 35, 54, 56, 114, 48, 93, 58, 210, 28, 22, 186, 199, 255, 230, 186, 178, 123, 140, 57, 244, 176, 104, 40, 88, 39, 93, 56, 10, 38, 191, 49, 175, 18, 9, 186, 25, 122, 220, 186, 166, 126, 251, 57, 244, 176, 104, 40, 232, 35, 53, 56, 21, 40, 177, 50, 206, 53, 16, 186, 112, 119, 231, 186, 178, 123, 140, 57, 244, 176, 104, 40, 137, 39, 92, 56, 209, 37, 214, 49, 167, 248, 14, 186, 133, 2, 220, 186, 166, 126, 251, 57, 244, 176, 104, 40, 128, 35, 54, 56, 47, 40, 153, 50, 74, 249, 135, 58, 194, 38, 187, 186, 166, 126, 251, 57, 36, 220, 92, 92, 88, 39, 93, 56, 201, 56, 92, 49, 235, 217, 157, 58, 216, 94, 101, 186, 205, 235, 64, 58, 36, 220, 92, 92, 83, 40, 26, 56, 135, 56, 248, 48, 220, 38, 187, 58, 44, 249, 135, 186, 166, 126, 251, 57, 36, 220, 92, 92, 31, 42, 65, 56, 160, 56, 140, 47, 235, 217, 157, 58, 216, 94, 101, 186, 205, 235, 64, 58, 36, 220, 100, 91, 83, 40, 26, 56, 135, 56, 248, 48, 74, 249, 135, 58, 194, 38, 187, 186, 166, 126, 251, 57, 36, 220, 100, 91, 88, 39, 93, 56, 201, 56, 92, 49, 18, 95, 101, 58, 211, 217, 157, 186, 205, 235, 64, 58, 36, 220, 100, 91, 128, 35, 54, 56, 170, 56, 78, 50, 175, 18, 9, 186, 25, 122, 220, 186, 166, 126, 251, 57, 94, 226, 127, 64, 192, 40, 48, 56, 216, 58, 89, 40, 31, 28, 6, 186, 23, 234, 215, 186, 87, 30, 238, 57, 94, 226, 127, 64, 192, 40, 48, 56, 205, 58, 242, 40, 203, 53, 16, 58, 107, 119, 231, 186, 178, 123, 140, 57, 17, 147, 112, 84, 59, 40, 27, 56, 208, 59, 51, 58, 210, 28, 22, 58, 194, 255, 230, 186, 0, 0, 0, 0, 17, 147, 112, 84, 31, 42, 65, 56, 201, 59, 2, 58, 204, 53, 16, 58, 108, 119, 231, 186, 0, 0, 0, 0, 17, 147, 112, 84, 7, 42, 66, 56, 209, 59, 3, 58, 210, 28, 22, 58, 194, 255, 230, 186, 178, 123, 140, 57, 17, 147, 112, 84, 83, 40, 26, 56, 200, 59, 51, 58, 170, 110, 186, 57, 55, 114, 143, 58, 47, 173, 106, 58, 3, 24, 193, 102, 88, 39, 93, 56, 44, 51, 28, 56, 66, 91, 17, 176, 205, 252, 32, 58, 116, 7, 135, 58, 3, 24, 193, 102, 83, 40, 26, 56, 221, 49, 225, 55, 201, 153, 10, 176, 0, 212, 150, 58, 47, 173, 106, 58, 3, 24, 193, 102, 31, 42, 65, 56, 44, 51, 198, 55, 66, 91, 17, 176, 205, 252, 32, 58, 116, 7, 135, 58, 3, 24, 220, 119, 83, 40, 26, 56, 221, 49, 225, 55, 170, 110, 186, 57, 55, 114, 143, 58, 47, 173, 106, 58, 3, 24, 220, 119, 88, 39, 93, 56, 44, 51, 28, 56, 56, 253, 70, 57, 185, 27, 25, 58, 116, 7, 135, 58, 3, 24, 220, 119, 128, 35, 54, 56, 221, 49, 15, 56, 175, 144, 185, 58, 106, 45, 241, 57, 205, 235, 64, 58, 32, 16, 234, 125, 88, 39, 93, 56, 8, 50, 209, 56, 75, 11, 116, 58, 71, 79, 49, 58, 47, 173, 106, 58, 32, 16, 234, 125, 83, 40, 26, 56, 96, 50, 128, 56, 222, 217, 157, 58, 83, 95, 101, 58, 205, 235, 64, 58, 32, 16, 234, 125, 31, 42, 65, 56, 247, 50, 166, 56, 75, 11, 116, 58, 71, 79, 49, 58, 47, 173, 106, 58, 32, 16, 39, 119, 83, 40, 26, 56, 96, 50, 128, 56, 175, 144, 185, 58, 106, 45, 241, 57, 205, 235, 64, 58, 32, 16, 39, 119, 88, 39, 93, 56, 8, 50, 209, 56, 22, 114, 143, 58, 117, 111, 186, 57, 47, 173, 106, 58, 32, 16, 39, 119, 128, 35, 54, 56, 167, 49, 162, 56, 251, 195, 142, 186, 10, 128, 196, 58, 0, 0, 0, 0, 193, 63, 182, 25, 88, 39, 93, 56, 232, 56, 5, 58, 251, 127, 196, 186, 10, 196, 142, 58, 178, 123, 140, 57, 193, 63, 182, 25, 83, 40, 26, 56, 138, 56, 47, 58, 251, 127, 196, 186, 10, 196, 142, 58, 0, 0, 0, 0, 193, 63, 182, 25, 31, 42, 65, 56, 139, 56, 0, 58, 251, 195, 142, 186, 10, 128, 196, 58, 178, 123, 140, 57, 193, 63, 182, 25, 128, 35, 54, 56, 230, 56, 52, 58, 215, 28, 22, 186, 240, 255, 230, 58, 0, 0, 0, 0, 214, 84, 164, 33, 88, 39, 93, 56, 90, 44, 118, 59, 251, 195, 142, 186, 10, 128, 196, 58, 178, 123, 140, 57, 214, 84, 164, 33, 83, 40, 26, 56, 53, 38, 171, 59, 251, 195, 142, 186, 10, 128, 196, 58, 0, 0, 0, 0, 214, 84, 164, 33, 31, 42, 65, 56, 209, 37, 126, 59, 215, 28, 22, 186, 240, 255, 230, 58, 178, 123, 140, 57, 214, 84, 164, 33, 128, 35, 54, 56, 107, 44, 163, 59, 251, 195, 142, 186, 10, 128, 196, 58, 178, 123, 140, 57, 207, 49, 177, 29, 88, 39, 93, 56, 230, 56, 52, 58, 225, 38, 187, 186, 90, 249, 135, 58, 166, 126, 251, 57, 207, 49, 178, 29, 83, 40, 26, 56, 137, 56, 87, 58, 251, 127, 196, 186, 10, 196, 142, 58, 178, 123, 140, 57, 207, 49, 178, 29, 31, 42, 65, 56, 138, 56, 47, 58, 75, 249, 135, 186, 240, 38, 187, 58, 166, 126, 251, 57, 207, 49, 177, 29, 128, 35, 54, 56, 226, 56, 93, 58, 21, 85, 231, 186, 85, 238, 31, 49, 166, 126, 251, 57, 200, 248, 215, 6, 88, 39, 93, 56, 127, 48, 188, 43, 185, 144, 185, 186, 142, 44, 241, 185, 205, 235, 64, 58, 200, 248, 215, 6, 83, 40, 26, 56, 92, 47, 60, 48, 155, 2, 220, 186, 126, 248, 14, 186, 166, 126, 251, 57, 200, 248, 215, 6, 31, 42, 65, 56, 12, 47, 168, 44, 185, 144, 185, 186, 142, 44, 241, 185, 205, 235, 64, 58, 200, 248, 205, 9, 83, 40, 26, 56, 92, 47, 60, 48, 21, 85, 231, 186, 85, 238, 31, 49, 166, 126, 251, 57, 200, 248, 205, 9, 88, 39, 93, 56, 127, 48, 188, 43, 106, 29, 195, 186, 125, 80, 38, 49, 205, 235, 64, 58, 200, 248, 205, 9, 128, 35, 54, 56, 130, 48, 214, 47, 126, 103, 229, 185, 244, 7, 186, 186, 205, 235, 64, 58, 94, 226, 127, 64, 192, 40, 48, 56, 76, 59, 110, 44, 217, 103, 225, 185, 221, 243, 182, 186, 193, 86, 55, 58, 94, 226, 127, 64, 192, 40, 48, 56, 59, 59, 161, 44, 143, 177, 174, 57, 4, 233, 143, 186, 47, 173, 106, 58, 6, 218, 100, 41, 44, 40, 27, 56, 62, 43, 79, 56, 224, 44, 241, 57, 157, 144, 185, 186, 205, 235, 64, 58, 6, 218, 100, 41, 31, 42, 65, 56, 85, 40, 106, 56, 120, 103, 229, 57, 239, 7, 186, 186, 205, 235, 64, 58, 6, 218, 100, 41, 1, 42, 66, 56, 67, 40, 103, 56, 224, 44, 241, 57, 157, 144, 185, 186, 205, 235, 64, 58, 6, 218, 94, 37, 31, 42, 65, 56, 85, 40, 106, 56, 143, 177, 174, 57, 4, 233, 143, 186, 47, 173, 106, 58, 6, 218, 94, 37, 44, 40, 27, 56, 62, 43, 79, 56, 240, 110, 186, 57, 3, 114, 143, 186, 47, 173, 106, 58, 6, 218, 94, 37, 83, 40, 26, 56, 80, 43, 82, 56, 7, 79, 49, 58, 50, 11, 116, 186, 47, 173, 106, 58, 16, 240, 122, 73, 88, 39, 93, 56, 180, 44, 128, 56, 173, 61, 2, 58, 240, 63, 189, 185, 116, 7, 135, 58, 16, 240, 122, 73, 83, 40, 26, 56, 89, 47, 86, 56, 94, 11, 116, 58, 210, 78, 49, 186, 47, 173, 106, 58, 16, 240, 122, 73, 31, 42, 65, 56, 36, 46, 162, 56, 173, 61, 2, 58, 240, 63, 189, 185, 116, 7, 135, 58, 16, 240, 91, 35, 83, 40, 26, 56, 89, 47, 86, 56, 7, 79, 49, 58, 50, 11, 116, 186, 47, 173, 106, 58, 16, 240, 91, 35, 88, 39, 93, 56, 180, 44, 128, 56, 77, 64, 189, 57, 132, 61, 2, 186, 116, 7, 135, 58, 16, 240, 91, 35, 128, 35, 54, 56, 148, 46, 68, 56, 231, 44, 241, 185, 162, 144, 185, 186, 205, 235, 64, 58, 250, 218, 77, 30, 88, 39, 93, 56, 209, 37, 182, 55, 148, 177, 174, 185, 7, 233, 143, 186, 47, 173, 106, 58, 250, 218, 77, 30, 15, 36, 52, 56, 54, 42, 206, 55, 126, 103, 229, 185, 244, 7, 186, 186, 205, 235, 64, 58, 250, 218, 77, 30, 149, 39, 92, 56, 209, 37, 189, 55, 148, 177, 174, 185, 7, 233, 143, 186, 47, 173, 106, 58, 250, 218, 72, 25, 15, 36, 52, 56, 54, 42, 206, 55, 231, 44, 241, 185, 162, 144, 185, 186, 205, 235, 64, 58, 250, 218, 72, 25, 88, 39, 93, 56, 209, 37, 182, 55, 254, 110, 186, 185, 7, 114, 143, 186, 47, 173, 106, 58, 250, 218, 72, 25, 128, 35, 54, 56, 54, 42, 198, 55, 230, 127, 196, 58, 28, 196, 142, 58, 0, 0, 0, 0, 63, 63, 182, 101, 88, 39, 93, 56, 0, 52, 132, 59, 225, 195, 142, 58, 20, 128, 196, 58, 178, 123, 140, 57, 63, 63, 182, 101, 83, 40, 26, 56, 125, 50, 170, 59, 225, 195, 142, 58, 20, 128, 196, 58, 0, 0, 0, 0, 63, 63, 182, 101, 31, 42, 65, 56, 138, 50, 125, 59, 230, 127, 196, 58, 28, 196, 142, 58, 178, 123, 140, 57, 63, 63, 182, 101, 128, 35, 54, 56, 243, 51, 178, 59, 210, 255, 230, 58, 25, 29, 22, 58, 0, 0, 0, 0, 84, 42, 197, 109, 88, 39, 93, 56, 6, 55, 118, 59, 230, 127, 196, 58, 28, 196, 142, 58, 178, 123, 140, 57, 84, 42, 197, 109, 83, 40, 26, 56, 47, 54, 172, 59, 230, 127, 196, 58, 28, 196, 142, 58, 0, 0, 0, 0, 84, 42, 197, 109, 31, 42, 65, 56, 46, 54, 122, 59, 210, 255, 230, 58, 25, 29, 22, 58, 178, 123, 140, 57, 84, 42, 197, 109, 128, 35, 54, 56, 7, 55, 168, 59, 230, 127, 196, 58, 28, 196, 142, 58, 178, 123, 140, 57, 49, 49, 189, 103, 88, 39, 93, 56, 127, 55, 61, 40, 50, 249, 135, 58, 251, 38, 187, 58, 166, 126, 251, 57, 49, 49, 189, 103, 83, 40, 26, 56, 29, 55, 87, 45, 225, 195, 142, 58, 20, 128, 196, 58, 178, 123, 140, 57, 49, 49, 189, 103, 31, 42, 65, 56, 11, 55, 61, 43, 205, 38, 187, 58, 107, 249, 135, 58, 166, 126, 251, 57, 49, 49, 189, 103, 128, 35, 54, 56, 138, 55, 207, 43, 220, 38, 187, 58, 44, 249, 135, 186, 166, 126, 251, 57, 46, 233, 74, 100, 88, 39, 93, 56, 160, 56, 140, 47, 183, 144, 185, 58, 92, 44, 241, 185, 205, 235, 64, 58, 46, 233, 74, 100, 83, 40, 26, 56, 93, 56, 241, 47, 153, 2, 220, 58, 96, 248, 14, 186, 166, 126, 251, 57, 46, 233, 74, 100, 31, 42, 65, 56, 110, 56, 47, 45, 183, 144, 185, 58, 92, 44, 241, 185, 205, 235, 64, 58, 46, 233, 82, 99, 83, 40, 26, 56, 93, 56, 241, 47, 220, 38, 187, 58, 44, 249, 135, 186, 166, 126, 251, 57, 46, 233, 82, 99, 88, 39, 93, 56, 160, 56, 140, 47, 235, 217, 157, 58, 216, 94, 101, 186, 205, 235, 64, 58, 46, 233, 82, 99, 128, 35, 54, 56, 135, 56, 248, 48, 148, 177, 174, 185, 7, 233, 143, 186, 47, 173, 106, 58, 94, 226, 127, 64, 192, 40, 48, 56, 148, 59, 48, 47, 37, 78, 172, 185, 76, 18, 142, 186, 137, 221, 95, 58, 94, 226, 127, 64, 192, 40, 48, 56, 129, 59, 79, 47, 65, 156, 47, 57, 83, 8, 26, 186, 116, 7, 135, 58, 3, 232, 79, 33, 9, 40, 29, 56, 252, 45, 40, 56, 240, 110, 186, 57, 3, 114, 143, 186, 47, 173, 106, 58, 3, 232, 79, 33, 31, 42, 65, 56, 80, 43, 82, 56, 143, 177, 174, 57, 4, 233, 143, 186, 47, 173, 106, 58, 3, 232, 79, 33, 248, 41, 67, 56, 62, 43, 79, 56, 240, 110, 186, 57, 3, 114, 143, 186, 47, 173, 106, 58, 3, 232, 69, 26, 31, 42, 65, 56, 80, 43, 82, 56, 65, 156, 47, 57, 83, 8, 26, 186, 116, 7, 135, 58, 3, 232, 69, 26, 9, 40, 29, 56, 252, 45, 40, 56, 132, 253, 70, 57, 84, 27, 25, 186, 116, 7, 135, 58, 3, 232, 69, 26, 83, 40, 26, 56, 5, 46, 44, 56, 235, 211, 150, 186, 65, 108, 45, 49, 47, 173, 106, 58, 232, 253, 198, 22, 88, 39, 93, 56, 214, 47, 152, 54, 142, 27, 25, 186, 226, 252, 70, 185, 116, 7, 135, 58, 232, 253, 198, 22, 83, 40, 26, 56, 89, 47, 82, 55, 31, 114, 143, 186, 158, 110, 186, 185, 47, 173, 106, 58, 232, 253, 198, 22, 31, 42, 65, 56, 36, 46, 187, 54, 142, 27, 25, 186, 226, 252, 70, 185, 116, 7, 135, 58, 232, 253, 166, 35, 83, 40, 26, 56, 89, 47, 82, 55, 235, 211, 150, 186, 65, 108, 45, 49, 47, 173, 106, 58, 232, 253, 166, 35, 88, 39, 93, 56, 214, 47, 152, 54, 164, 252, 32, 186, 253, 17, 57, 49, 116, 7, 135, 58, 232, 253, 166, 35, 128, 35, 54, 56, 32, 48, 63, 55, 21, 95, 101, 186, 0, 218, 157, 58, 205, 235, 64, 58, 231, 25, 159, 40, 88, 39, 93, 56, 247, 50, 178, 54, 108, 11, 116, 186, 48, 79, 49, 58, 47, 173, 106, 58, 231, 25, 159, 40, 83, 40, 26, 56, 167, 49, 187, 54, 241, 217, 157, 186, 53, 95, 101, 58, 205, 235, 64, 58, 231, 25, 159, 40, 31, 42, 65, 56, 8, 50, 92, 54, 108, 11, 116, 186, 48, 79, 49, 58, 47, 173, 106, 58, 231, 25, 143, 44, 83, 40, 26, 56, 167, 49, 187, 54, 21, 95, 101, 186, 0, 218, 157, 58, 205, 235, 64, 58, 231, 25, 143, 44, 88, 39, 93, 56, 247, 50, 178, 54, 15, 79, 49, 186, 142, 11, 116, 58, 47, 173, 106, 58, 231, 25, 143, 44, 128, 35, 54, 56, 96, 50, 254, 54, 251, 127, 196, 186, 10, 196, 142, 58, 0, 0, 0, 0, 172, 42, 197, 17, 88, 39, 93, 56, 139, 56, 0, 58, 220, 255, 230, 186, 246, 28, 22, 58, 178, 123, 140, 57, 172, 42, 197, 17, 83, 40, 26, 56, 48, 56, 47, 58, 220, 255, 230, 186, 246, 28, 22, 58, 0, 0, 0, 0, 172, 42, 197, 17, 31, 42, 65, 56, 47, 56, 0, 58, 251, 127, 196, 186, 10, 196, 142, 58, 178, 123, 140, 57, 172, 42, 197, 17, 128, 35, 54, 56, 138, 56, 47, 58, 210, 28, 22, 186, 199, 255, 230, 186, 0, 0, 0, 0, 239, 147, 113, 42, 88, 39, 93, 56, 219, 38, 0, 58, 206, 53, 16, 186, 112, 119, 231, 186, 178, 123, 140, 57, 239, 147, 113, 42, 227, 35, 53, 56, 209, 37, 92, 58, 206, 53, 16, 186, 112, 119, 231, 186, 0, 0, 0, 0, 239, 147, 113, 42, 137, 39, 92, 56, 210, 37, 0, 58, 210, 28, 22, 186, 199, 255, 230, 186, 178, 123, 140, 57, 239, 147, 113, 42, 128, 35, 54, 56, 217, 38, 92, 58, 251, 127, 196, 186, 10, 196, 142, 58, 178, 123, 140, 57, 192, 32, 194, 20, 88, 39, 93, 56, 138, 56, 47, 58, 155, 2, 220, 186, 204, 248, 14, 58, 166, 126, 251, 57, 192, 32, 194, 20, 83, 40, 26, 56, 49, 56, 87, 58, 220, 255, 230, 186, 246, 28, 22, 58, 178, 123, 140, 57, 192, 32, 194, 20, 31, 42, 65, 56, 48, 56, 47, 58, 155, 2, 220, 186, 204, 248, 14, 58, 166, 126, 251, 57, 192, 32, 193, 20, 83, 40, 26, 56, 49, 56, 87, 58, 251, 127, 196, 186, 10, 196, 142, 58, 178, 123, 140, 57, 192, 32, 193, 20, 88, 39, 93, 56, 138, 56, 47, 58, 225, 38, 187, 186, 90, 249, 135, 58, 166, 126, 251, 57, 192, 32, 193, 20, 128, 35, 54, 56, 137, 56, 87, 58, 155, 2, 220, 186, 126, 248, 14, 186, 166, 126, 251, 57, 210, 233, 39, 5, 88, 39, 93, 56, 12, 47, 168, 44, 241, 217, 157, 186, 224, 94, 101, 186, 205, 235, 64, 58, 210, 233, 39, 5, 83, 40, 26, 56, 199, 45, 7, 49, 225, 38, 187, 186, 48, 249, 135, 186, 166, 126, 251, 57, 210, 233, 39, 5, 31, 42, 65, 56, 56, 45, 132, 46, 241, 217, 157, 186, 224, 94, 101, 186, 205, 235, 64, 58, 210, 233, 37, 1, 83, 40, 26, 56, 199, 45, 7, 49, 155, 2, 220, 186, 126, 248, 14, 186, 166, 126, 251, 57, 210, 233, 37, 1, 88, 39, 93, 56, 12, 47, 168, 44, 185, 144, 185, 186, 142, 44, 241, 185, 205, 235, 64, 58, 210, 233, 37, 1, 128, 35, 54, 56, 92, 47, 60, 48, 171, 18, 9, 58, 20, 122, 220, 186, 166, 126, 251, 57, 12, 176, 122, 78, 57, 40, 27, 56, 198, 59, 93, 58, 210, 28, 22, 58, 194, 255, 230, 186, 178, 123, 140, 57, 12, 176, 122, 78, 31, 42, 65, 56, 200, 59, 51, 58, 203, 53, 16, 58, 107, 119, 231, 186, 178, 123, 140, 57, 12, 176, 122, 78, 7, 42, 66, 56, 208, 59, 51, 58, 167, 248, 14, 58, 128, 2, 220, 186, 166, 126, 251, 57, 12, 176, 122, 78, 83, 40, 26, 56, 190, 59, 92, 58, 94, 11, 116, 58, 210, 78, 49, 186, 47, 173, 106, 58, 21, 246, 96, 86, 88, 39, 93, 56, 36, 46, 162, 56, 129, 27, 25, 58, 185, 252, 70, 185, 116, 7, 135, 58, 21, 246, 96, 86, 83, 40, 26, 56, 32, 48, 95, 56, 28, 114, 143, 58, 120, 110, 186, 185, 47, 173, 106, 58, 21, 246, 96, 86, 31, 42, 65, 56, 214, 47, 179, 56, 129, 27, 25, 58, 185, 252, 70, 185, 116, 7, 135, 58, 21, 246, 112, 45, 83, 40, 26, 56, 32, 48, 95, 56, 94, 11, 116, 58, 210, 78, 49, 186, 47, 173, 106, 58, 21, 246, 112, 45, 88, 39, 93, 56, 36, 46, 162, 56, 173, 61, 2, 58, 240, 63, 189, 185, 116, 7, 135, 58, 21, 246, 112, 45, 128, 35, 54, 56, 89, 47, 86, 56, 222, 217, 157, 58, 83, 95, 101, 58, 205, 235, 64, 58, 25, 25, 211, 111, 88, 39, 93, 56, 247, 50, 166, 56, 231, 78, 49, 58, 155, 11, 116, 58, 47, 173, 106, 58, 25, 25, 211, 111, 83, 40, 26, 56, 230, 50, 82, 56, 233, 94, 101, 58, 9, 218, 157, 58, 205, 235, 64, 58, 25, 25, 211, 111, 31, 42, 65, 56, 164, 51, 106, 56, 231, 78, 49, 58, 155, 11, 116, 58, 47, 173, 106, 58, 25, 25, 219, 120, 83, 40, 26, 56, 230, 50, 82, 56, 222, 217, 157, 58, 83, 95, 101, 58, 205, 235, 64, 58, 25, 25, 219, 120, 88, 39, 93, 56, 247, 50, 166, 56, 75, 11, 116, 58, 71, 79, 49, 58, 47, 173, 106, 58, 25, 25, 219, 120, 128, 35, 54, 56, 96, 50, 128, 56, 225, 195, 142, 58, 20, 128, 196, 58, 0, 0, 0, 0, 42, 84, 164, 93, 88, 39, 93, 56, 138, 50, 125, 59, 153, 28, 22, 58, 245, 255, 230, 58, 178, 123, 140, 57, 42, 84, 164, 93, 83, 40, 26, 56, 13, 49, 163, 59, 153, 28, 22, 58, 245, 255, 230, 58, 0, 0, 0, 0, 42, 84, 164, 93, 31, 42, 65, 56, 21, 49, 118, 59, 225, 195, 142, 58, 20, 128, 196, 58, 178, 123, 140, 57, 42, 84, 164, 93, 128, 35, 54, 56, 125, 50, 170, 59, 144, 2, 220, 58, 238, 248, 14, 58, 166, 126, 251, 57, 46, 23, 218, 120, 88, 39, 93, 56, 252, 55, 157, 42, 222, 217, 157, 58, 83, 95, 101, 58, 205, 235, 64, 58, 46, 23, 218, 120, 83, 40, 26, 56, 156, 55, 215, 46, 205, 38, 187, 58, 107, 249, 135, 58, 166, 126, 251, 57, 46, 23, 218, 120, 31, 42, 65, 56, 138, 55, 207, 43, 222, 217, 157, 58, 83, 95, 101, 58, 205, 235, 64, 58, 46, 23, 219, 125, 83, 40, 26, 56, 156, 55, 215, 46, 144, 2, 220, 58, 238, 248, 14, 58, 166, 126, 251, 57, 46, 23, 219, 125, 88, 39, 93, 56, 252, 55, 157, 42, 175, 144, 185, 58, 106, 45, 241, 57, 205, 235, 64, 58, 46, 23, 219, 125, 128, 35, 54, 56, 253, 55, 90, 46, 225, 195, 142, 58, 20, 128, 196, 58, 178, 123, 140, 57, 32, 64, 173, 94, 88, 39, 93, 56, 125, 50, 170, 59, 113, 248, 14, 58, 179, 2, 220, 58, 166, 126, 251, 57, 32, 64, 173, 94, 83, 40, 26, 56, 5, 49, 201, 59, 153, 28, 22, 58, 245, 255, 230, 58, 178, 123, 140, 57, 32, 64, 173, 94, 31, 42, 65, 56, 13, 49, 163, 59, 113, 248, 14, 58, 179, 2, 220, 58, 166, 126, 251, 57, 32, 64, 173, 95, 83, 40, 26, 56, 5, 49, 201, 59, 225, 195, 142, 58, 20, 128, 196, 58, 178, 123, 140, 57, 32, 64, 173, 95, 88, 39, 93, 56, 125, 50, 170, 59, 50, 249, 135, 58, 251, 38, 187, 58, 166, 126, 251, 57, 32, 64, 173, 95, 128, 35, 54, 56, 104, 50, 209, 59, 153, 2, 220, 58, 96, 248, 14, 186, 166, 126, 251, 57, 56, 248, 59, 109, 88, 39, 93, 56, 110, 56, 47, 45, 101, 29, 195, 58, 25, 200, 134, 49, 205, 235, 64, 58, 56, 248, 59, 109, 83, 40, 26, 56, 47, 56, 185, 46, 16, 85, 231, 58, 41, 44, 141, 49, 166, 126, 251, 57, 56, 248, 59, 109, 31, 42, 65, 56, 55, 56, 126, 43, 101, 29, 195, 58, 25, 200, 134, 49, 205, 235, 64, 58, 56, 248, 67, 107, 83, 40, 26, 56, 47, 56, 185, 46, 153, 2, 220, 58, 96, 248, 14, 186, 166, 126, 251, 57, 56, 248, 67, 107, 88, 39, 93, 56, 110, 56, 47, 45, 183, 144, 185, 58, 92, 44, 241, 185, 205, 235, 64, 58, 56, 248, 67, 107, 128, 35, 54, 56, 93, 56, 241, 47, 68, 174, 12, 186, 51, 8, 226, 186, 14, 216, 54, 56, 94, 226, 127, 64, 192, 45, 160, 55, 19, 58, 61, 39, 37, 78, 172, 185, 76, 18, 142, 186, 137, 221, 95, 58, 94, 226, 127, 64, 192, 45, 160, 55, 129, 59, 79, 47, 56, 2, 197, 171, 2, 170, 150, 184, 15, 216, 54, 56, 94, 226, 127, 64, 192, 45, 160, 55, 19, 58, 0, 52, 48, 2, 197, 43, 0, 170, 150, 184, 181, 80, 129, 58, 94, 226, 127, 64, 192, 45, 160, 55, 189, 59, 0, 52, 31, 28, 6, 186, 23, 234, 215, 186, 87, 30, 238, 57, 94, 226, 127, 64, 192, 45, 160, 55, 205, 58, 242, 40, 183, 220, 45, 185, 196, 175, 24, 186, 180, 80, 129, 58, 94, 226, 127, 64, 192, 45, 160, 55, 189, 59, 206, 49, 217, 103, 225, 185, 221, 243, 182, 186, 193, 86, 55, 58, 94, 226, 127, 64, 192, 45, 160, 55, 59, 59, 161, 44, 68, 174, 12, 186, 51, 8, 226, 186, 90, 234, 135, 57, 94, 226, 127, 64, 192, 45, 160, 55, 117, 58, 61, 39, 31, 114, 143, 186, 158, 110, 186, 185, 47, 173, 106, 58, 235, 246, 216, 12, 88, 39, 93, 56, 36, 46, 187, 54, 191, 61, 2, 186, 245, 63, 189, 185, 116, 7, 135, 58, 235, 246, 216, 12, 83, 40, 26, 56, 148, 46, 118, 55, 108, 11, 116, 186, 216, 78, 49, 186, 47, 173, 106, 58, 235, 246, 216, 12, 31, 42, 65, 56, 180, 44, 254, 54, 191, 61, 2, 186, 245, 63, 189, 185, 116, 7, 135, 58, 235, 246, 185, 26, 83, 40, 26, 56, 148, 46, 118, 55, 31, 114, 143, 186, 158, 110, 186, 185, 47, 173, 106, 58, 235, 246, 185, 26, 88, 39, 93, 56, 36, 46, 187, 54, 142, 27, 25, 186, 226, 252, 70, 185, 116, 7, 135, 58, 235, 246, 185, 26, 128, 35, 54, 56, 89, 47, 82, 55, 241, 217, 157, 186, 53, 95, 101, 58, 205, 235, 64, 58, 224, 16, 170, 33, 88, 39, 93, 56, 8, 50, 92, 54, 31, 114, 143, 186, 73, 111, 186, 57, 47, 173, 106, 58, 224, 16, 172, 33, 83, 40, 26, 56, 207, 48, 152, 54, 185, 144, 185, 186, 48, 45, 241, 57, 205, 235, 64, 58, 224, 16, 178, 31, 31, 42, 65, 56, 240, 48, 46, 54, 108, 11, 116, 186, 48, 79, 49, 58, 47, 173, 106, 58, 224, 16, 163, 35, 128, 35, 54, 56, 167, 49, 187, 54, 210, 28, 22, 58, 194, 255, 230, 186, 0, 0, 0, 0, 42, 172, 92, 93, 88, 39, 93, 56, 201, 59, 2, 58, 251, 195, 142, 58, 220, 127, 196, 186, 178, 123, 140, 57, 42, 172, 92, 93, 83, 40, 26, 56, 226, 58, 48, 58, 251, 195, 142, 58, 220, 127, 196, 186, 0, 0, 0, 0, 42, 172, 92, 93, 31, 42, 65, 56, 227, 58, 0, 58, 210, 28, 22, 58, 194, 255, 230, 186, 178, 123, 140, 57, 42, 172, 92, 93, 128, 35, 54, 56, 200, 59, 51, 58, 251, 195, 142, 58, 220, 127, 196, 186, 178, 123, 140, 57, 49, 207, 78, 97, 88, 39, 93, 56, 226, 58, 48, 58, 220, 38, 187, 58, 44, 249, 135, 186, 166, 126, 251, 57, 49, 207, 78, 97, 83, 40, 26, 56, 11, 58, 93, 58, 245, 127, 196, 58, 220, 195, 142, 186, 178, 123, 140, 57, 49, 207, 78, 97, 31, 42, 65, 56, 0, 58, 51, 58, 220, 38, 187, 58, 44, 249, 135, 186, 166, 126, 251, 57, 49, 207, 79, 96, 83, 40, 26, 56, 11, 58, 93, 58, 251, 195, 142, 58, 220, 127, 196, 186, 178, 123, 140, 57, 49, 207, 79, 96, 88, 39, 93, 56, 226, 58, 48, 58, 74, 249, 135, 58, 194, 38, 187, 186, 166, 126, 251, 57, 49, 207, 79, 96, 128, 35, 54, 56, 227, 58, 90, 58, 210, 28, 22, 58, 194, 255, 230, 186, 178, 123, 140, 57, 32, 192, 97, 88, 88, 39, 93, 56, 200, 59, 51, 58, 74, 249, 135, 58, 194, 38, 187, 186, 166, 126, 251, 57, 32, 192, 97, 88, 83, 40, 26, 56, 227, 58, 90, 58, 251, 195, 142, 58, 220, 127, 196, 186, 178, 123, 140, 57, 32, 192, 97, 88, 31, 42, 65, 56, 226, 58, 48, 58, 74, 249, 135, 58, 194, 38, 187, 186, 166, 126, 251, 57, 32, 192, 98, 89, 83, 40, 26, 56, 227, 58, 90, 58, 210, 28, 22, 58, 194, 255, 230, 186, 178, 123, 140, 57, 32, 192, 98, 89, 88, 39, 93, 56, 200, 59, 51, 58, 167, 248, 14, 58, 128, 2, 220, 186, 166, 126, 251, 57, 32, 192, 98, 89, 128, 35, 54, 56, 190, 59, 92, 58, 225, 38, 187, 186, 48, 249, 135, 186, 166, 126, 251, 57, 220, 220, 57, 17, 88, 39, 93, 56, 56, 45, 132, 46, 21, 95, 101, 186, 215, 217, 157, 186, 205, 235, 64, 58, 220, 220, 57, 17, 83, 40, 26, 56, 87, 44, 68, 50, 75, 249, 135, 186, 199, 38, 187, 186, 166, 126, 251, 57, 220, 220, 57, 17, 31, 42, 65, 56, 26, 43, 177, 48, 21, 95, 101, 186, 215, 217, 157, 186, 205, 235, 64, 58, 220, 220, 55, 13, 83, 40, 26, 56, 87, 44, 68, 50, 225, 38, 187, 186, 48, 249, 135, 186, 166, 126, 251, 57, 220, 220, 55, 13, 88, 39, 93, 56, 56, 45, 132, 46, 241, 217, 157, 186, 224, 94, 101, 186, 205, 235, 64, 58, 220, 220, 55, 13, 128, 35, 54, 56, 199, 45, 7, 49, 120, 103, 229, 57, 239, 7, 186, 186, 205, 235, 64, 58, 8, 200, 111, 42, 53, 40, 27, 56, 196, 56, 0, 52, 167, 248, 14, 58, 128, 2, 220, 186, 166, 126, 251, 57, 8, 200, 111, 42, 31, 42, 65, 56, 231, 56, 67, 51, 171, 18, 9, 58, 20, 122, 220, 186, 166, 126, 251, 57, 8, 200, 111, 42, 5, 42, 66, 56, 232, 56, 89, 51, 167, 248, 14, 58, 128, 2, 220, 186, 166, 126, 251, 57, 8, 200, 108, 39, 31, 42, 65, 56, 231, 56, 67, 51, 120, 103, 229, 57, 239, 7, 186, 186, 205, 235, 64, 58, 8, 200, 108, 39, 53, 40, 27, 56, 196, 56, 0, 52, 224, 44, 241, 57, 157, 144, 185, 186, 205, 235, 64, 58, 8, 200, 108, 39, 83, 40, 26, 56, 196, 56, 233, 51, 28, 114, 143, 58, 120, 110, 186, 185, 47, 173, 106, 58, 24, 253, 76, 95, 88, 39, 93, 56, 214, 47, 179, 56, 148, 252, 32, 58, 56, 170, 99, 49, 116, 7, 135, 58, 24, 253, 76, 95, 83, 40, 26, 56, 154, 48, 95, 56, 230, 211, 150, 58, 128, 60, 125, 49, 47, 173, 106, 58, 24, 253, 76, 95, 31, 42, 65, 56, 207, 48, 179, 56, 148, 252, 32, 58, 56, 170, 99, 49, 116, 7, 135, 58, 24, 253, 110, 82, 83, 40, 26, 56, 154, 48, 95, 56, 28, 114, 143, 58, 120, 110, 186, 185, 47, 173, 106, 58, 24, 253, 110, 82, 88, 39, 93, 56, 214, 47, 179, 56, 129, 27, 25, 58, 185, 252, 70, 185, 116, 7, 135, 58, 24, 253, 110, 82, 128, 35, 54, 56, 32, 48, 95, 56, 233, 94, 101, 58, 9, 218, 157, 58, 205, 235, 64, 58, 16, 32, 192, 103, 88, 39, 93, 56, 164, 51, 106, 56, 170, 110, 186, 57, 55, 114, 143, 58, 47, 173, 106, 58, 16, 32, 192, 103, 83, 40, 26, 56, 44, 51, 28, 56, 133, 44, 241, 57, 208, 144, 185, 58, 205, 235, 64, 58, 16, 32, 192, 103, 31, 42, 65, 56, 0, 52, 36, 56, 170, 110, 186, 57, 55, 114, 143, 58, 47, 173, 106, 58, 16, 32, 200, 110, 83, 40, 26, 56, 44, 51, 28, 56, 233, 94, 101, 58, 9, 218, 157, 58, 205, 235, 64, 58, 16, 32, 200, 110, 88, 39, 93, 56, 164, 51, 106, 56, 231, 78, 49, 58, 155, 11, 116, 58, 47, 173, 106, 58, 16, 32, 200, 110, 128, 35, 54, 56, 230, 50, 82, 56, 220, 255, 230, 186, 246, 28, 22, 58, 0, 0, 0, 0, 147, 17, 214, 5, 88, 39, 93, 56, 47, 56, 0, 58, 30, 227, 242, 186, 16, 242, 29, 49, 178, 123, 140, 57, 147, 17, 214, 5, 83, 40, 26, 56, 168, 55, 52, 58, 30, 227, 242, 186, 16, 242, 29, 49, 0, 0, 0, 0, 147, 17, 214, 5, 31, 42, 65, 56, 164, 55, 4, 58, 220, 255, 230, 186, 246, 28, 22, 58, 178, 123, 140, 57, 147, 17, 214, 5, 128, 35, 54, 56, 48, 56, 47, 58, 30, 227, 242, 186, 16, 242, 29, 49, 178, 123, 140, 57, 176, 244, 30, 1, 88, 39, 93, 56, 118, 48, 209, 37, 155, 2, 220, 186, 126, 248, 14, 186, 166, 126, 251, 57, 176, 244, 30, 1, 83, 40, 26, 56, 12, 47, 168, 44, 220, 255, 230, 186, 169, 28, 22, 186, 178, 123, 140, 57, 176, 244, 30, 1, 31, 42, 65, 56, 219, 46, 173, 40, 155, 2, 220, 186, 126, 248, 14, 186, 166, 126, 251, 57, 176, 244, 30, 1, 83, 40, 26, 56, 12, 47, 168, 44, 30, 227, 242, 186, 16, 242, 29, 49, 178, 123, 140, 57, 176, 244, 30, 1, 88, 39, 93, 56, 118, 48, 209, 37, 21, 85, 231, 186, 85, 238, 31, 49, 166, 126, 251, 57, 176, 244, 30, 1, 128, 35, 54, 56, 127, 48, 188, 43, 220, 255, 230, 186, 246, 28, 22, 58, 178, 123, 140, 57, 176, 12, 213, 11, 88, 39, 93, 56, 48, 56, 47, 58, 21, 85, 231, 186, 85, 238, 31, 49, 166, 126, 251, 57, 176, 12, 213, 11, 83, 40, 26, 56, 177, 55, 93, 58, 30, 227, 242, 186, 16, 242, 29, 49, 178, 123, 140, 57, 176, 12, 213, 11, 31, 42, 65, 56, 168, 55, 52, 58, 21, 85, 231, 186, 85, 238, 31, 49, 166, 126, 251, 57, 176, 12, 210, 11, 83, 40, 26, 56, 177, 55, 93, 58, 220, 255, 230, 186, 246, 28, 22, 58, 178, 123, 140, 57, 176, 12, 210, 11, 88, 39, 93, 56, 48, 56, 47, 58, 155, 2, 220, 186, 204, 248, 14, 58, 166, 126, 251, 57, 176, 12, 210, 11, 128, 35, 54, 56, 49, 56, 87, 58, 3, 91, 3, 176, 41, 85, 231, 58, 166, 126, 251, 57, 248, 56, 145, 84, 88, 39, 93, 56, 106, 54, 117, 49, 239, 44, 241, 185, 205, 144, 185, 58, 205, 235, 64, 58, 248, 56, 145, 84, 83, 40, 26, 56, 118, 54, 0, 52, 173, 248, 14, 186, 174, 2, 220, 58, 166, 126, 251, 57, 248, 56, 145, 84, 31, 42, 65, 56, 46, 54, 93, 51, 239, 44, 241, 185, 205, 144, 185, 58, 205, 235, 64, 58, 248, 56, 151, 89, 83, 40, 26, 56, 118, 54, 0, 52, 3, 91, 3, 176, 41, 85, 231, 58, 166, 126, 251, 57, 248, 56, 151, 89, 88, 39, 93, 56, 106, 54, 117, 49, 52, 102, 7, 176, 126, 29, 195, 58, 205, 235, 64, 58, 248, 56, 151, 89, 128, 35, 54, 56, 169, 54, 100, 50, 66, 174, 12, 58, 47, 8, 226, 186, 14, 216, 54, 56, 162, 226, 127, 64, 192, 40, 48, 56, 213, 56, 69, 54, 0, 0, 0, 0, 2, 170, 150, 184, 0, 0, 0, 0, 162, 226, 127, 64, 192, 40, 48, 56, 232, 56, 232, 56, 56, 2, 197, 171, 2, 170, 150, 184, 15, 216, 54, 56, 162, 226, 127, 64, 192, 40, 48, 56, 213, 56, 232, 56, 204, 53, 16, 58, 108, 119, 231, 186, 0, 0, 0, 0, 162, 226, 127, 64, 192, 40, 48, 56, 232, 56, 46, 54, 108, 11, 116, 186, 216, 78, 49, 186, 47, 173, 106, 58, 240, 240, 22, 1, 88, 39, 93, 56, 180, 44, 254, 54, 105, 64, 189, 185, 134, 61, 2, 186, 116, 7, 135, 58, 240, 240, 22, 1, 83, 40, 26, 56, 5, 46, 167, 55, 15, 79, 49, 186, 55, 11, 116, 186, 47, 173, 106, 58, 240, 240, 22, 1, 31, 42, 65, 56, 80, 43, 90, 55, 105, 64, 189, 185, 134, 61, 2, 186, 116, 7, 135, 58, 240, 240, 202, 17, 83, 40, 26, 56, 5, 46, 167, 55, 108, 11, 116, 186, 216, 78, 49, 186, 47, 173, 106, 58, 240, 240, 202, 17, 88, 39, 93, 56, 180, 44, 254, 54, 191, 61, 2, 186, 245, 63, 189, 185, 116, 7, 135, 58, 240, 240, 202, 17, 128, 35, 54, 56, 148, 46, 118, 55, 224, 44, 241, 57, 157, 144, 185, 186, 205, 235, 64, 58, 16, 224, 124, 75, 88, 39, 93, 56, 85, 40, 106, 56, 7, 79, 49, 58, 50, 11, 116, 186, 47, 173, 106, 58, 16, 224, 124, 75, 83, 40, 26, 56, 180, 44, 128, 56, 18, 95, 101, 58, 211, 217, 157, 186, 205, 235, 64, 58, 16, 224, 124, 75, 31, 42, 65, 56, 10, 43, 166, 56, 7, 79, 49, 58, 50, 11, 116, 186, 47, 173, 106, 58, 16, 224, 111, 43, 83, 40, 26, 56, 180, 44, 128, 56, 224, 44, 241, 57, 157, 144, 185, 186, 205, 235, 64, 58, 16, 224, 111, 43, 88, 39, 93, 56, 85, 40, 106, 56, 240, 110, 186, 57, 3, 114, 143, 186, 47, 173, 106, 58, 16, 224, 111, 43, 128, 35, 54, 56, 80, 43, 82, 56, 153, 28, 22, 58, 245, 255, 230, 58, 0, 0, 0, 0, 17, 109, 144, 84, 88, 39, 93, 56, 21, 49, 118, 59, 98, 36, 2, 176, 51, 227, 242, 58, 178, 123, 140, 57, 17, 109, 144, 84, 83, 40, 26, 56, 66, 47, 161, 59, 98, 36, 2, 176, 51, 227, 242, 58, 0, 0, 0, 0, 17, 109, 144, 84, 31, 42, 65, 56, 66, 47, 116, 59, 153, 28, 22, 58, 245, 255, 230, 58, 178, 123, 140, 57, 17, 109, 144, 84, 128, 35, 54, 56, 13, 49, 163, 59, 245, 127, 196, 58, 220, 195, 142, 186, 178, 123, 140, 57, 64, 224, 62, 105, 88, 39, 93, 56, 232, 56, 168, 59, 153, 2, 220, 58, 96, 248, 14, 186, 166, 126, 251, 57, 64, 224, 62, 105, 83, 40, 26, 56, 115, 56, 207, 59, 220, 255, 230, 58, 138, 28, 22, 186, 178, 123, 140, 57, 64, 224, 62, 105, 31, 42, 65, 56, 120, 56, 166, 59, 153, 2, 220, 58, 96, 248, 14, 186, 166, 126, 251, 57, 64, 224, 63, 105, 83, 40, 26, 56, 115, 56, 207, 59, 245, 127, 196, 58, 220, 195, 142, 186, 178, 123, 140, 57, 64, 224, 63, 105, 88, 39, 93, 56, 232, 56, 168, 59, 220, 38, 187, 58, 44, 249, 135, 186, 166, 126, 251, 57, 64, 224, 63, 105, 128, 35, 54, 56, 222, 56, 209, 59, 235, 217, 157, 58, 216, 94, 101, 186, 205, 235, 64, 58, 32, 240, 78, 95, 88, 39, 93, 56, 98, 45, 209, 56, 28, 114, 143, 58, 120, 110, 186, 185, 47, 173, 106, 58, 32, 240, 78, 95, 83, 40, 26, 56, 214, 47, 179, 56, 183, 144, 185, 58, 92, 44, 241, 185, 205, 235, 64, 58, 32, 240, 78, 95, 31, 42, 65, 56, 147, 47, 232, 56, 28, 114, 143, 58, 120, 110, 186, 185, 47, 173, 106, 58, 32, 240, 93, 91, 83, 40, 26, 56, 214, 47, 179, 56, 235, 217, 157, 58, 216, 94, 101, 186, 205, 235, 64, 58, 32, 240, 93, 91, 88, 39, 93, 56, 98, 45, 209, 56, 94, 11, 116, 58, 210, 78, 49, 186, 47, 173, 106, 58, 32, 240, 93, 91, 128, 35, 54, 56, 36, 46, 162, 56, 16, 85, 231, 58, 41, 44, 141, 49, 166, 126, 251, 57, 56, 8, 40, 119, 88, 39, 93, 56, 55, 56, 126, 43, 175, 144, 185, 58, 106, 45, 241, 57, 205, 235, 64, 58, 56, 8, 40, 119, 83, 40, 26, 56, 253, 55, 90, 46, 144, 2, 220, 58, 238, 248, 14, 58, 166, 126, 251, 57, 56, 8, 40, 119, 31, 42, 65, 56, 252, 55, 157, 42, 175, 144, 185, 58, 106, 45, 241, 57, 205, 235, 64, 58, 56, 8, 51, 115, 83, 40, 26, 56, 253, 55, 90, 46, 16, 85, 231, 58, 41, 44, 141, 49, 166, 126, 251, 57, 56, 8, 51, 115, 88, 39, 93, 56, 55, 56, 126, 43, 101, 29, 195, 58, 25, 200, 134, 49, 205, 235, 64, 58, 56, 8, 51, 115, 128, 35, 54, 56, 47, 56, 185, 46, 65, 174, 12, 58, 46, 8, 226, 186, 90, 234, 135, 57, 162, 226, 127, 64, 192, 40, 48, 56, 115, 56, 69, 54, 203, 53, 16, 58, 107, 119, 231, 186, 178, 123, 140, 57, 162, 226, 127, 64, 192, 40, 48, 56, 111, 56, 46, 54, 201, 153, 10, 176, 0, 212, 150, 58, 47, 173, 106, 58, 253, 24, 176, 93, 88, 39, 93, 56, 44, 51, 198, 55, 189, 253, 70, 185, 183, 27, 25, 58, 116, 7, 135, 58, 253, 24, 176, 93, 83, 40, 26, 56, 183, 49, 167, 55, 5, 111, 186, 185, 52, 114, 143, 58, 47, 173, 106, 58, 253, 24, 176, 93, 31, 42, 65, 56, 230, 50, 90, 55, 189, 253, 70, 185, 183, 27, 25, 58, 116, 7, 135, 58, 253, 24, 200, 108, 83, 40, 26, 56, 183, 49, 167, 55, 201, 153, 10, 176, 0, 212, 150, 58, 47, 173, 106, 58, 253, 24, 200, 108, 88, 39, 93, 56, 44, 51, 198, 55, 66, 91, 17, 176, 205, 252, 32, 58, 116, 7, 135, 58, 253, 24, 200, 108, 128, 35, 54, 56, 221, 49, 225, 55, 185, 144, 185, 186, 48, 45, 241, 57, 205, 235, 64, 58, 218, 6, 195, 22, 88, 39, 93, 56, 240, 48, 46, 54, 235, 211, 150, 186, 65, 108, 45, 49, 47, 173, 106, 58, 218, 6, 195, 22, 83, 40, 26, 56, 214, 47, 152, 54, 106, 29, 195, 186, 125, 80, 38, 49, 205, 235, 64, 58, 218, 6, 195, 22, 31, 42, 65, 56, 147, 47, 46, 54, 235, 211, 150, 186, 65, 108, 45, 49, 47, 173, 106, 58, 218, 6, 182, 26, 83, 40, 26, 56, 214, 47, 152, 54, 185, 144, 185, 186, 48, 45, 241, 57, 205, 235, 64, 58, 218, 6, 182, 26, 88, 39, 93, 56, 240, 48, 46, 54, 31, 114, 143, 186, 73, 111, 186, 57, 47, 173, 106, 58, 218, 6, 182, 26, 128, 35, 54, 56, 207, 48, 152, 54, 251, 195, 142, 58, 220, 127, 196, 186, 0, 0, 0, 0, 63, 193, 74, 101, 88, 39, 93, 56, 227, 58, 0, 58, 245, 127, 196, 58, 220, 195, 142, 186, 178, 123, 140, 57, 63, 193, 74, 101, 83, 40, 26, 56, 0, 58, 51, 58, 245, 127, 196, 58, 220, 195, 142, 186, 0, 0, 0, 0, 63, 193, 74, 101, 31, 42, 65, 56, 0, 58, 3, 58, 251, 195, 142, 58, 220, 127, 196, 186, 178, 123, 140, 57, 63, 193, 74, 101, 128, 35, 54, 56, 226, 58, 48, 58, 220, 255, 230, 186, 169, 28, 22, 186, 178, 123, 140, 57, 192, 224, 50, 14, 88, 39, 93, 56, 219, 46, 173, 40, 225, 38, 187, 186, 48, 249, 135, 186, 166, 126, 251, 57, 192, 224, 50, 14, 83, 40, 26, 56, 56, 45, 132, 46, 251, 127, 196, 186, 225, 195, 142, 186, 178, 123, 140, 57, 192, 224, 50, 14, 31, 42, 65, 56, 224, 44, 90, 44, 225, 38, 187, 186, 48, 249, 135, 186, 166, 126, 251, 57, 192, 224, 50, 14, 83, 40, 26, 56, 56, 45, 132, 46, 220, 255, 230, 186, 169, 28, 22, 186, 178, 123, 140, 57, 192, 224, 50, 14, 88, 39, 93, 56, 219, 46, 173, 40, 155, 2, 220, 186, 126, 248, 14, 186, 166, 126, 251, 57, 192, 224, 50, 14, 128, 35, 54, 56, 12, 47, 168, 44, 167, 248, 14, 186, 133, 2, 220, 186, 166, 126, 251, 57, 248, 200, 89, 32, 88, 39, 93, 56, 47, 40, 153, 50, 126, 103, 229, 185, 244, 7, 186, 186, 205, 235, 64, 58, 248, 200, 89, 32, 251, 35, 53, 56, 30, 42, 0, 52, 175, 18, 9, 186, 25, 122, 220, 186, 166, 126, 251, 57, 248, 200, 89, 32, 140, 39, 92, 56, 21, 40, 177, 50, 126, 103, 229, 185, 244, 7, 186, 186, 205, 235, 64, 58, 248, 200, 86, 29, 251, 35, 53, 56, 30, 42, 0, 52, 167, 248, 14, 186, 133, 2, 220, 186, 166, 126, 251, 57, 248, 200, 86, 29, 88, 39, 93, 56, 47, 40, 153, 50, 231, 44, 241, 185, 162, 144, 185, 186, 205, 235, 64, 58, 248, 200, 86, 29, 128, 35, 54, 56, 53, 42, 230, 51, 75, 249, 135, 186, 199, 38, 187, 186, 166, 126, 251, 57, 233, 210, 72, 25, 88, 39, 93, 56, 26, 43, 177, 48, 231, 44, 241, 185, 162, 144, 185, 186, 205, 235, 64, 58, 233, 210, 72, 25, 83, 40, 26, 56, 53, 42, 230, 51, 167, 248, 14, 186, 133, 2, 220, 186, 166, 126, 251, 57, 233, 210, 72, 25, 31, 42, 65, 56, 47, 40, 153, 50, 231, 44, 241, 185, 162, 144, 185, 186, 205, 235, 64, 58, 233, 210, 71, 20, 83, 40, 26, 56, 53, 42, 230, 51, 75, 249, 135, 186, 199, 38, 187, 186, 166, 126, 251, 57, 233, 210, 71, 20, 88, 39, 93, 56, 26, 43, 177, 48, 21, 95, 101, 186, 215, 217, 157, 186, 205, 235, 64, 58, 233, 210, 71, 20, 128, 35, 54, 56, 87, 44, 68, 50, 211, 103, 225, 57, 216, 243, 182, 186, 193, 86, 55, 58, 162, 226, 127, 64, 192, 40, 48, 56, 89, 55, 249, 54, 171, 18, 9, 58, 20, 122, 220, 186, 166, 126, 251, 57, 162, 226, 127, 64, 192, 40, 48, 56, 15, 56, 92, 54, 27, 28, 6, 58, 18, 234, 215, 186, 87, 30, 238, 57, 162, 226, 127, 64, 192, 40, 48, 56, 27, 56, 111, 54, 120, 103, 229, 57, 239, 7, 186, 186, 205, 235, 64, 58, 162, 226, 127, 64, 192, 40, 48, 56, 56, 55, 237, 54, 230, 211, 150, 58, 128, 60, 125, 49, 47, 173, 106, 58, 24, 3, 59, 104, 88, 39, 93, 56, 207, 48, 179, 56, 123, 27, 25, 58, 128, 254, 70, 57, 116, 7, 135, 58, 24, 3, 59, 104, 83, 40, 26, 56, 13, 49, 86, 56, 22, 114, 143, 58, 117, 111, 186, 57, 47, 173, 106, 58, 24, 3, 59, 104, 31, 42, 65, 56, 167, 49, 162, 56, 123, 27, 25, 58, 128, 254, 70, 57, 116, 7, 135, 58, 24, 3, 90, 91, 83, 40, 26, 56, 13, 49, 86, 56, 230, 211, 150, 58, 128, 60, 125, 49, 47, 173, 106, 58, 24, 3, 90, 91, 88, 39, 93, 56, 207, 48, 179, 56, 148, 252, 32, 58, 56, 170, 99, 49, 116, 7, 135, 58, 24, 3, 90, 91, 128, 35, 54, 56, 154, 48, 95, 56, 133, 44, 241, 57, 208, 144, 185, 58, 205, 235, 64, 58, 6, 38, 175, 94, 88, 39, 93, 56, 0, 52, 36, 56, 201, 153, 10, 176, 0, 212, 150, 58, 47, 173, 106, 58, 6, 38, 175, 94, 83, 40, 26, 56, 44, 51, 198, 55, 52, 102, 7, 176, 126, 29, 195, 58, 205, 235, 64, 58, 6, 38, 175, 94, 31, 42, 65, 56, 255, 51, 182, 55, 201, 153, 10, 176, 0, 212, 150, 58, 47, 173, 106, 58, 6, 38, 183, 101, 83, 40, 26, 56, 44, 51, 198, 55, 133, 44, 241, 57, 208, 144, 185, 58, 205, 235, 64, 58, 6, 38, 183, 101, 88, 39, 93, 56, 0, 52, 36, 56, 170, 110, 186, 57, 55, 114, 143, 58, 47, 173, 106, 58, 6, 38, 183, 101, 128, 35, 54, 56, 44, 51, 28, 56, 30, 227, 242, 186, 16, 242, 29, 49, 0, 0, 0, 0, 147, 239, 42, 5, 88, 39, 93, 56, 164, 55, 4, 58, 220, 255, 230, 186, 169, 28, 22, 186, 178, 123, 140, 57, 147, 239, 42, 5, 83, 40, 26, 56, 237, 54, 57, 58, 220, 255, 230, 186, 169, 28, 22, 186, 0, 0, 0, 0, 147, 239, 42, 5, 31, 42, 65, 56, 233, 54, 9, 58, 30, 227, 242, 186, 16, 242, 29, 49, 178, 123, 140, 57, 147, 239, 42, 5, 128, 35, 54, 56, 168, 55, 52, 58, 220, 255, 230, 58, 138, 28, 22, 186, 178, 123, 140, 57, 80, 244, 44, 115, 88, 39, 93, 56, 120, 56, 166, 59, 16, 85, 231, 58, 41, 44, 141, 49, 166, 126, 251, 57, 80, 244, 44, 115, 83, 40, 26, 56, 252, 55, 207, 59, 25, 227, 242, 58, 173, 60, 143, 49, 178, 123, 140, 57, 80, 244, 44, 115, 31, 42, 65, 56, 249, 55, 166, 59, 16, 85, 231, 58, 41, 44, 141, 49, 166, 126, 251, 57, 80, 244, 46, 115, 83, 40, 26, 56, 252, 55, 207, 59, 220, 255, 230, 58, 138, 28, 22, 186, 178, 123, 140, 57, 80, 244, 46, 115, 88, 39, 93, 56, 120, 56, 166, 59, 153, 2, 220, 58, 96, 248, 14, 186, 166, 126, 251, 57, 80, 244, 46, 115, 128, 35, 54, 56, 115, 56, 207, 59, 75, 249, 135, 186, 240, 38, 187, 58, 166, 126, 251, 57, 220, 36, 164, 34, 88, 39, 93, 56, 74, 51, 175, 48, 241, 217, 157, 186, 53, 95, 101, 58, 205, 235, 64, 58, 220, 36, 164, 34, 83, 40, 26, 56, 37, 50, 243, 48, 225, 38, 187, 186, 90, 249, 135, 58, 166, 126, 251, 57, 220, 36, 164, 34, 31, 42, 65, 56, 112, 50, 73, 46, 241, 217, 157, 186, 53, 95, 101, 58, 205, 235, 64, 58, 220, 36, 156, 35, 83, 40, 26, 56, 37, 50, 243, 48, 75, 249, 135, 186, 240, 38, 187, 58, 166, 126, 251, 57, 220, 36, 156, 35, 88, 39, 93, 56, 74, 51, 175, 48, 21, 95, 101, 186, 0, 218, 157, 58, 205, 235, 64, 58, 220, 36, 156, 35, 128, 35, 54, 56, 221, 50, 64, 50, 173, 248, 14, 186, 174, 2, 220, 58, 166, 126, 251, 57, 233, 46, 142, 42, 88, 39, 93, 56, 0, 52, 193, 50, 21, 95, 101, 186, 0, 218, 157, 58, 205, 235, 64, 58, 233, 46, 142, 42, 83, 40, 26, 56, 221, 50, 64, 50, 75, 249, 135, 186, 240, 38, 187, 58, 166, 126, 251, 57, 233, 46, 142, 42, 31, 42, 65, 56, 74, 51, 175, 48, 21, 95, 101, 186, 0, 218, 157, 58, 205, 235, 64, 58, 233, 46, 133, 44, 83, 40, 26, 56, 221, 50, 64, 50, 173, 248, 14, 186, 174, 2, 220, 58, 166, 126, 251, 57, 233, 46, 133, 44, 88, 39, 93, 56, 0, 52, 193, 50, 239, 44, 241, 185, 205, 144, 185, 58, 205, 235, 64, 58, 233, 46, 133, 44, 128, 35, 54, 56, 118, 51, 0, 52, 15, 79, 49, 186, 55, 11, 116, 186, 47, 173, 106, 58, 246, 235, 45, 15, 88, 39, 93, 56, 80, 43, 90, 55, 183, 253, 70, 185, 88, 27, 25, 186, 116, 7, 135, 58, 246, 235, 45, 15, 83, 40, 26, 56, 186, 45, 225, 55, 254, 110, 186, 185, 7, 114, 143, 186, 47, 173, 106, 58, 246, 235, 45, 15, 31, 42, 65, 56, 54, 42, 198, 55, 183, 253, 70, 185, 88, 27, 25, 186, 116, 7, 135, 58, 246, 235, 221, 6, 83, 40, 26, 56, 186, 45, 225, 55, 15, 79, 49, 186, 55, 11, 116, 186, 47, 173, 106, 58, 246, 235, 221, 6, 88, 39, 93, 56, 80, 43, 90, 55, 105, 64, 189, 185, 134, 61, 2, 186, 116, 7, 135, 58, 246, 235, 221, 6, 128, 35, 54, 56, 5, 46, 167, 55, 18, 95, 101, 58, 211, 217, 157, 186, 205, 235, 64, 58, 25, 231, 98, 86, 88, 39, 93, 56, 10, 43, 166, 56, 94, 11, 116, 58, 210, 78, 49, 186, 47, 173, 106, 58, 25, 231, 98, 86, 83, 40, 26, 56, 36, 46, 162, 56, 235, 217, 157, 58, 216, 94, 101, 186, 205, 235, 64, 58, 25, 231, 98, 86, 31, 42, 65, 56, 98, 45, 209, 56, 94, 11, 116, 58, 210, 78, 49, 186, 47, 173, 106, 58, 25, 231, 113, 81, 83, 40, 26, 56, 36, 46, 162, 56, 18, 95, 101, 58, 211, 217, 157, 186, 205, 235, 64, 58, 25, 231, 113, 81, 88, 39, 93, 56, 10, 43, 166, 56, 7, 79, 49, 58, 50, 11, 116, 186, 47, 173, 106, 58, 25, 231, 113, 81, 128, 35, 54, 56, 180, 44, 128, 56, 245, 127, 196, 58, 220, 195, 142, 186, 0, 0, 0, 0, 84, 214, 59, 109, 88, 39, 93, 56, 232, 56, 118, 59, 220, 255, 230, 58, 138, 28, 22, 186, 178, 123, 140, 57, 84, 214, 59, 109, 83, 40, 26, 56, 120, 56, 166, 59, 220, 255, 230, 58, 138, 28, 22, 186, 0, 0, 0, 0, 84, 214, 59, 109, 31, 42, 65, 56, 119, 56, 116, 59, 245, 127, 196, 58, 220, 195, 142, 186, 178, 123, 140, 57, 84, 214, 59, 109, 128, 35, 54, 56, 232, 56, 168, 59, 251, 127, 196, 186, 225, 195, 142, 186, 178, 123, 140, 57, 207, 207, 66, 23, 88, 39, 93, 56, 224, 44, 90, 44, 75, 249, 135, 186, 199, 38, 187, 186, 166, 126, 251, 57, 207, 207, 66, 23, 83, 40, 26, 56, 26, 43, 177, 48, 251, 195, 142, 186, 225, 127, 196, 186, 178, 123, 140, 57, 207, 207, 66, 23, 31, 42, 65, 56, 38, 42, 117, 47, 225, 38, 187, 186, 48, 249, 135, 186, 166, 126, 251, 57, 207, 207, 66, 23, 128, 35, 54, 56, 56, 45, 132, 46, 205, 38, 187, 58, 107, 249, 135, 58, 166, 126, 251, 57, 36, 36, 199, 109, 88, 39, 93, 56, 138, 55, 207, 43, 233, 94, 101, 58, 9, 218, 157, 58, 205, 235, 64, 58, 36, 36, 199, 109, 83, 40, 26, 56, 64, 55, 10, 48, 50, 249, 135, 58, 251, 38, 187, 58, 166, 126, 251, 57, 36, 36, 199, 109, 31, 42, 65, 56, 29, 55, 87, 45, 233, 94, 101, 58, 9, 218, 157, 58, 205, 235, 64, 58, 36, 36, 201, 113, 83, 40, 26, 56, 64, 55, 10, 48, 205, 38, 187, 58, 107, 249, 135, 58, 166, 126, 251, 57, 36, 36, 201, 113, 88, 39, 93, 56, 138, 55, 207, 43, 222, 217, 157, 58, 83, 95, 101, 58, 205, 235, 64, 58, 36, 36, 201, 113, 128, 35, 54, 56, 156, 55, 215, 46, 185, 144, 185, 186, 142, 44, 241, 185, 205, 235, 64, 58, 224, 240, 23, 1, 88, 39, 93, 56, 98, 45, 92, 54, 108, 11, 116, 186, 216, 78, 49, 186, 47, 173, 106, 58, 224, 240, 23, 1, 83, 40, 26, 56, 180, 44, 254, 54, 241, 217, 157, 186, 224, 94, 101, 186, 205, 235, 64, 58, 224, 240, 23, 1, 31, 42, 65, 56, 10, 43, 178, 54, 108, 11, 116, 186, 216, 78, 49, 186, 47, 173, 106, 58, 224, 240, 217, 7, 83, 40, 26, 56, 180, 44, 254, 54, 185, 144, 185, 186, 142, 44, 241, 185, 205, 235, 64, 58, 224, 240, 217, 7, 88, 39, 93, 56, 98, 45, 92, 54, 31, 114, 143, 186, 158, 110, 186, 185, 47, 173, 106, 58, 224, 240, 217, 7, 128, 35, 54, 56, 36, 46, 187, 54, 48, 2, 197, 43, 0, 170, 150, 184, 181, 80, 129, 58, 162, 226, 127, 64, 192, 40, 48, 56, 85, 54, 232, 56, 65, 156, 47, 57, 83, 8, 26, 186, 116, 7, 135, 58, 162, 226, 127, 64, 192, 40, 48, 56, 46, 54, 91, 56, 176, 220, 45, 57, 192, 175, 24, 186, 180, 80, 129, 58, 162, 226, 127, 64, 192, 40, 48, 56, 85, 54, 92, 56, 0, 0, 0, 0, 2, 170, 150, 184, 118, 7, 135, 58, 162, 226, 127, 64, 192, 40, 48, 56, 46, 54, 232, 56, 5, 111, 186, 185, 52, 114, 143, 58, 47, 173, 106, 58, 246, 21, 154, 83, 88, 39, 93, 56, 230, 50, 90, 55, 105, 64, 189, 185, 226, 61, 2, 58, 116, 7, 135, 58, 246, 21, 154, 83, 83, 40, 26, 56, 112, 49, 118, 55, 15, 79, 49, 186, 142, 11, 116, 58, 47, 173, 106, 58, 246, 21, 154, 83, 31, 42, 65, 56, 96, 50, 254, 54, 105, 64, 189, 185, 226, 61, 2, 58, 116, 7, 135, 58, 246, 21, 184, 99, 83, 40, 26, 56, 112, 49, 118, 55, 5, 111, 186, 185, 52, 114, 143, 58, 47, 173, 106, 58, 246, 21, 184, 99, 88, 39, 93, 56, 230, 50, 90, 55, 189, 253, 70, 185, 183, 27, 25, 58, 116, 7, 135, 58, 246, 21, 184, 99, 128, 35, 54, 56, 183, 49, 167, 55, 106, 29, 195, 186, 125, 80, 38, 49, 205, 235, 64, 58, 218, 250, 214, 12, 88, 39, 93, 56, 147, 47, 46, 54, 31, 114, 143, 186, 158, 110, 186, 185, 47, 173, 106, 58, 218, 250, 214, 12, 83, 40, 26, 56, 36, 46, 187, 54, 185, 144, 185, 186, 142, 44, 241, 185, 205, 235, 64, 58, 218, 250, 214, 12, 31, 42, 65, 56, 98, 45, 92, 54, 31, 114, 143, 186, 158, 110, 186, 185, 47, 173, 106, 58, 218, 250, 198, 17, 83, 40, 26, 56, 36, 46, 187, 54, 106, 29, 195, 186, 125, 80, 38, 49, 205, 235, 64, 58, 218, 250, 198, 17, 88, 39, 93, 56, 147, 47, 46, 54, 235, 211, 150, 186, 65, 108, 45, 49, 47, 173, 106, 58, 218, 250, 198, 17, 128, 35, 54, 56, 214, 47, 152, 54, 220, 255, 230, 186, 169, 28, 22, 186, 0, 0, 0, 0, 172, 214, 59, 17, 88, 39, 93, 56, 233, 54, 9, 58, 251, 127, 196, 186, 225, 195, 142, 186, 178, 123, 140, 57, 172, 214, 59, 17, 83, 40, 26, 56, 50, 54, 62, 58, 251, 127, 196, 186, 225, 195, 142, 186, 0, 0, 0, 0, 172, 214, 59, 17, 31, 42, 65, 56, 46, 54, 14, 58, 220, 255, 230, 186, 169, 28, 22, 186, 178, 123, 140, 57, 172, 214, 59, 17, 128, 35, 54, 56, 237, 54, 57, 58, 98, 36, 2, 176, 51, 227, 242, 58, 178, 123, 140, 57, 244, 80, 134, 48, 88, 39, 93, 56, 66, 47, 161, 59, 173, 248, 14, 186, 174, 2, 220, 58, 166, 126, 251, 57, 244, 80, 134, 48, 83, 40, 26, 56, 124, 44, 201, 59, 215, 28, 22, 186, 240, 255, 230, 58, 178, 123, 140, 57, 244, 80, 134, 48, 31, 42, 65, 56, 107, 44, 163, 59, 173, 248, 14, 186, 174, 2, 220, 58, 166, 126, 251, 57, 244, 80, 133, 47, 83, 40, 26, 56, 124, 44, 201, 59, 98, 36, 2, 176, 51, 227, 242, 58, 178, 123, 140, 57, 244, 80, 133, 47, 88, 39, 93, 56, 66, 47, 161, 59, 3, 91, 3, 176, 41, 85, 231, 58, 166, 126, 251, 57, 244, 80, 133, 47, 128, 35, 54, 56, 67, 47, 199, 59, 225, 38, 187, 186, 90, 249, 135, 58, 166, 126, 251, 57, 210, 23, 182, 26, 88, 39, 93, 56, 112, 50, 73, 46, 185, 144, 185, 186, 48, 45, 241, 57, 205, 235, 64, 58, 210, 23, 182, 26, 83, 40, 26, 56, 89, 49, 40, 48, 155, 2, 220, 186, 204, 248, 14, 58, 166, 126, 251, 57, 210, 23, 182, 26, 31, 42, 65, 56, 125, 49, 108, 44, 185, 144, 185, 186, 48, 45, 241, 57, 205, 235, 64, 58, 210, 23, 174, 27, 83, 40, 26, 56, 89, 49, 40, 48, 225, 38, 187, 186, 90, 249, 135, 58, 166, 126, 251, 57, 210, 23, 174, 27, 88, 39, 93, 56, 112, 50, 73, 46, 241, 217, 157, 186, 53, 95, 101, 58, 205, 235, 64, 58, 210, 23, 174, 27, 128, 35, 54, 56, 37, 50, 243, 48, 183, 144, 185, 58, 92, 44, 241, 185, 205, 235, 64, 58, 38, 250, 61, 104, 88, 39, 93, 56, 147, 47, 232, 56, 230, 211, 150, 58, 128, 60, 125, 49, 47, 173, 106, 58, 38, 250, 61, 104, 83, 40, 26, 56, 207, 48, 179, 56, 101, 29, 195, 58, 25, 200, 134, 49, 205, 235, 64, 58, 38, 250, 61, 104, 31, 42, 65, 56, 240, 48, 232, 56, 230, 211, 150, 58, 128, 60, 125, 49, 47, 173, 106, 58, 38, 250, 74, 100, 83, 40, 26, 56, 207, 48, 179, 56, 183, 144, 185, 58, 92, 44, 241, 185, 205, 235, 64, 58, 38, 250, 74, 100, 88, 39, 93, 56, 147, 47, 232, 56, 28, 114, 143, 58, 120, 110, 186, 185, 47, 173, 106, 58, 38, 250, 74, 100, 128, 35, 54, 56, 214, 47, 179, 56, 143, 177, 174, 57, 4, 233, 143, 186, 47, 173, 106, 58, 162, 226, 127, 64, 192, 40, 48, 56, 168, 54, 157, 55, 32, 78, 172, 57, 72, 18, 142, 186, 137, 221, 95, 58, 162, 226, 127, 64, 192, 40, 48, 56, 205, 54, 165, 55, 22, 114, 143, 58, 117, 111, 186, 57, 47, 173, 106, 58, 21, 10, 39, 114, 88, 39, 93, 56, 167, 49, 162, 56, 163, 61, 2, 58, 202, 64, 189, 57, 116, 7, 135, 58, 21, 10, 39, 114, 83, 40, 26, 56, 112, 49, 68, 56, 75, 11, 116, 58, 71, 79, 49, 58, 47, 173, 106, 58, 21, 10, 39, 114, 31, 42, 65, 56, 96, 50, 128, 56, 163, 61, 2, 58, 202, 64, 189, 57, 116, 7, 135, 58, 21, 10, 72, 100, 83, 40, 26, 56, 112, 49, 68, 56, 22, 114, 143, 58, 117, 111, 186, 57, 47, 173, 106, 58, 21, 10, 72, 100, 88, 39, 93, 56, 167, 49, 162, 56, 123, 27, 25, 58, 128, 254, 70, 57, 116, 7, 135, 58, 21, 10, 72, 100, 128, 35, 54, 56, 13, 49, 86, 56, 66, 91, 17, 176, 205, 252, 32, 58, 116, 7, 135, 58, 0, 0, 203, 26, 136, 37, 45, 56, 221, 49, 225, 55, 56, 253, 70, 57, 185, 27, 25, 58, 116, 7, 135, 58, 0, 0, 203, 26, 26, 37, 52, 56, 221, 49, 15, 56, 189, 253, 70, 185, 183, 27, 25, 58, 116, 7, 135, 58, 0, 0, 203, 26, 51, 38, 40, 56, 183, 49, 167, 55, 0, 0, 0, 0, 2, 170, 150, 184, 118, 7, 135, 58, 0, 0, 203, 26, 36, 40, 61, 56, 48, 48, 1, 56, 191, 61, 2, 186, 176, 64, 189, 57, 116, 7, 135, 58, 0, 0, 203, 26, 252, 39, 35, 56, 13, 49, 82, 55, 163, 61, 2, 58, 202, 64, 189, 57, 116, 7, 135, 58, 0, 0, 203, 26, 28, 37, 67, 56, 112, 49, 68, 56, 105, 64, 189, 185, 226, 61, 2, 58, 116, 7, 135, 58, 0, 0, 203, 26, 12, 39, 36, 56, 112, 49, 118, 55, 164, 252, 32, 186, 253, 17, 57, 49, 116, 7, 135, 58, 0, 0, 203, 26, 227, 40, 40, 56, 32, 48, 63, 55, 148, 252, 32, 58, 56, 170, 99, 49, 116, 7, 135, 58, 0, 0, 203, 26, 57, 38, 79, 56, 154, 48, 95, 56, 43, 64, 189, 57, 233, 61, 2, 58, 116, 7, 135, 58, 0, 0, 203, 26, 245, 36, 60, 56, 183, 49, 44, 56, 142, 27, 25, 186, 80, 254, 70, 57, 116, 7, 135, 58, 0, 0, 203, 26, 118, 40, 36, 56, 154, 48, 63, 55, 191, 61, 2, 186, 245, 63, 189, 185, 116, 7, 135, 58, 0, 0, 203, 26, 113, 41, 52, 56, 148, 46, 118, 55, 173, 61, 2, 58, 240, 63, 189, 185, 116, 7, 135, 58, 0, 0, 203, 26, 1, 40, 84, 56, 89, 47, 86, 56, 123, 27, 25, 58, 128, 254, 70, 57, 116, 7, 135, 58, 0, 0, 203, 26, 140, 37, 74, 56, 13, 49, 86, 56, 142, 27, 25, 186, 226, 252, 70, 185, 116, 7, 135, 58, 0, 0, 203, 26, 57, 41, 45, 56, 89, 47, 82, 55, 183, 253, 70, 185, 88, 27, 25, 186, 116, 7, 135, 58, 0, 0, 203, 26, 114, 41, 67, 56, 186, 45, 225, 55, 65, 156, 47, 57, 83, 8, 26, 186, 116, 7, 135, 58, 0, 0, 203, 26, 240, 40, 78, 56, 252, 45, 40, 56, 129, 27, 25, 58, 185, 252, 70, 185, 116, 7, 135, 58, 0, 0, 203, 26, 18, 39, 83, 56, 32, 48, 95, 56, 105, 64, 189, 185, 134, 61, 2, 186, 116, 7, 135, 58, 0, 0, 203, 26, 133, 41, 59, 56, 5, 46, 167, 55, 77, 64, 189, 57, 132, 61, 2, 186, 116, 7, 135, 58, 0, 0, 203, 26, 121, 40, 83, 56, 148, 46, 68, 56, 220, 255, 230, 58, 138, 28, 22, 186, 0, 0, 0, 0, 109, 239, 41, 120, 88, 39, 93, 56, 119, 56, 116, 59, 25, 227, 242, 58, 173, 60, 143, 49, 178, 123, 140, 57, 109, 239, 41, 120, 83, 40, 26, 56, 249, 55, 166, 59, 25, 227, 242, 58, 173, 60, 143, 49, 0, 0, 0, 0, 109, 239, 41, 120, 31, 42, 65, 56, 249, 55, 116, 59, 220, 255, 230, 58, 138, 28, 22, 186, 178, 123, 140, 57, 109, 239, 41, 120, 128, 35, 54, 56, 120, 56, 166, 59, 25, 227, 242, 58, 173, 60, 143, 49, 178, 123, 140, 57, 80, 12, 226, 124, 88, 39, 93, 56, 249, 55, 166, 59, 144, 2, 220, 58, 238, 248, 14, 58, 166, 126, 251, 57, 80, 12, 226, 124, 83, 40, 26, 56, 20, 55, 209, 59, 210, 255, 230, 58, 25, 29, 22, 58, 178, 123, 140, 57, 80, 12, 226, 124, 31, 42, 65, 56, 7, 55, 168, 59, 144, 2, 220, 58, 238, 248, 14, 58, 166, 126, 251, 57, 80, 12, 225, 125, 83, 40, 26, 56, 20, 55, 209, 59, 25, 227, 242, 58, 173, 60, 143, 49, 178, 123, 140, 57, 80, 12, 225, 125, 88, 39, 93, 56, 249, 55, 166, 59, 16, 85, 231, 58, 41, 44, 141, 49, 166, 126, 251, 57, 80, 12, 225, 125, 128, 35, 54, 56, 252, 55, 207, 59, 50, 249, 135, 58, 251, 38, 187, 58, 166, 126, 251, 57, 23, 46, 183, 101, 88, 39, 93, 56, 29, 55, 87, 45, 133, 44, 241, 57, 208, 144, 185, 58, 205, 235, 64, 58, 23, 46, 183, 101, 83, 40, 26, 56, 237, 54, 12, 49, 113, 248, 14, 58, 179, 2, 220, 58, 166, 126, 251, 57, 23, 46, 183, 101, 31, 42, 65, 56, 187, 54, 187, 47, 133, 44, 241, 57, 208, 144, 185, 58, 205, 235, 64, 58, 23, 46, 185, 105, 83, 40, 26, 56, 237, 54, 12, 49, 50, 249, 135, 58, 251, 38, 187, 58, 166, 126, 251, 57, 23, 46, 185, 105, 88, 39, 93, 56, 29, 55, 87, 45, 233, 94, 101, 58, 9, 218, 157, 58, 205, 235, 64, 58, 23, 46, 185, 105, 128, 35, 54, 56, 64, 55, 10, 48, 241, 217, 157, 186, 224, 94, 101, 186, 205, 235, 64, 58, 231, 231, 45, 14, 88, 39, 93, 56, 10, 43, 178, 54, 15, 79, 49, 186, 55, 11, 116, 186, 47, 173, 106, 58, 231, 231, 45, 14, 83, 40, 26, 56, 80, 43, 90, 55, 21, 95, 101, 186, 215, 217, 157, 186, 205, 235, 64, 58, 231, 231, 45, 14, 31, 42, 65, 56, 85, 40, 42, 55, 15, 79, 49, 186, 55, 11, 116, 186, 47, 173, 106, 58, 231, 231, 37, 6, 83, 40, 26, 56, 80, 43, 90, 55, 241, 217, 157, 186, 224, 94, 101, 186, 205, 235, 64, 58, 231, 231, 37, 6, 88, 39, 93, 56, 10, 43, 178, 54, 108, 11, 116, 186, 216, 78, 49, 186, 47, 173, 106, 58, 231, 231, 37, 6, 128, 35, 54, 56, 180, 44, 254, 54, 254, 110, 186, 185, 7, 114, 143, 186, 47, 173, 106, 58, 253, 232, 56, 19, 88, 39, 93, 56, 54, 42, 198, 55, 73, 156, 47, 185, 87, 8, 26, 186, 116, 7, 135, 58, 253, 232, 56, 19, 83, 36, 51, 56, 186, 45, 232, 55, 148, 177, 174, 185, 7, 233, 143, 186, 47, 173, 106, 58, 253, 232, 56, 19, 167, 39, 92, 56, 54, 42, 206, 55, 73, 156, 47, 185, 87, 8, 26, 186, 116, 7, 135, 58, 253, 232, 36, 7, 83, 36, 51, 56, 186, 45, 232, 55, 254, 110, 186, 185, 7, 114, 143, 186, 47, 173, 106, 58, 253, 232, 36, 7, 88, 39, 93, 56, 54, 42, 198, 55, 183, 253, 70, 185, 88, 27, 25, 186, 116, 7, 135, 58, 253, 232, 36, 7, 128, 35, 54, 56, 186, 45, 225, 55, 108, 11, 116, 186, 48, 79, 49, 58, 47, 173, 106, 58, 235, 10, 161, 40, 88, 39, 93, 56, 167, 49, 187, 54, 142, 27, 25, 186, 80, 254, 70, 57, 116, 7, 135, 58, 235, 10, 161, 40, 83, 40, 26, 56, 154, 48, 63, 55, 31, 114, 143, 186, 73, 111, 186, 57, 47, 173, 106, 58, 235, 10, 161, 40, 31, 42, 65, 56, 207, 48, 152, 54, 142, 27, 25, 186, 80, 254, 70, 57, 116, 7, 135, 58, 235, 10, 144, 81, 83, 40, 26, 56, 154, 48, 63, 55, 108, 11, 116, 186, 48, 79, 49, 58, 47, 173, 106, 58, 235, 10, 144, 81, 88, 39, 93, 56, 167, 49, 187, 54, 191, 61, 2, 186, 176, 64, 189, 57, 116, 7, 135, 58, 235, 10, 144, 81, 128, 35, 54, 56, 13, 49, 82, 55, 251, 127, 196, 186, 225, 195, 142, 186, 0, 0, 0, 0, 193, 193, 74, 25, 88, 39, 93, 56, 0, 52, 0, 58, 251, 195, 142, 186, 225, 127, 196, 186, 178, 123, 140, 57, 193, 193, 74, 25, 83, 40, 26, 56, 114, 48, 93, 58, 251, 195, 142, 186, 225, 127, 196, 186, 0, 0, 0, 0, 193, 193, 74, 25, 31, 42, 65, 56, 114, 48, 0, 58, 251, 127, 196, 186, 225, 195, 142, 186, 178, 123, 140, 57, 193, 193, 74, 25, 128, 35, 54, 56, 255, 51, 92, 58, 251, 195, 142, 186, 225, 127, 196, 186, 178, 123, 140, 57, 224, 192, 83, 32, 88, 39, 93, 56, 38, 42, 117, 47, 167, 248, 14, 186, 133, 2, 220, 186, 166, 126, 251, 57, 224, 192, 83, 32, 83, 40, 26, 56, 47, 40, 153, 50, 210, 28, 22, 186, 199, 255, 230, 186, 178, 123, 140, 57, 224, 192, 83, 32, 31, 42, 65, 56, 10, 38, 191, 49, 167, 248, 14, 186, 133, 2, 220, 186, 166, 126, 251, 57, 224, 192, 83, 31, 83, 40, 26, 56, 47, 40, 153, 50, 251, 195, 142, 186, 225, 127, 196, 186, 178, 123, 140, 57, 224, 192, 83, 31, 88, 39, 93, 56, 38, 42, 117, 47, 75, 249, 135, 186, 199, 38, 187, 186, 166, 126, 251, 57, 224, 192, 83, 31, 128, 35, 54, 56, 26, 43, 177, 48, 167, 248, 14, 58, 128, 2, 220, 186, 166, 126, 251, 57, 23, 210, 113, 82, 88, 39, 93, 56, 231, 56, 67, 51, 18, 95, 101, 58, 211, 217, 157, 186, 205, 235, 64, 58, 23, 210, 113, 82, 83, 40, 26, 56, 170, 56, 78, 50, 74, 249, 135, 58, 194, 38, 187, 186, 166, 126, 251, 57, 23, 210, 113, 82, 31, 42, 65, 56, 201, 56, 92, 49, 18, 95, 101, 58, 211, 217, 157, 186, 205, 235, 64, 58, 23, 210, 123, 82, 83, 40, 26, 56, 170, 56, 78, 50, 167, 248, 14, 58, 128, 2, 220, 186, 166, 126, 251, 57, 23, 210, 123, 82, 88, 39, 93, 56, 231, 56, 67, 51, 224, 44, 241, 57, 157, 144, 185, 186, 205, 235, 64, 58, 23, 210, 123, 82, 128, 35, 54, 56, 196, 56, 233, 51, 52, 102, 7, 176, 126, 29, 195, 58, 205, 235, 64, 58, 250, 38, 155, 85, 88, 39, 93, 56, 255, 51, 182, 55, 5, 111, 186, 185, 52, 114, 143, 58, 47, 173, 106, 58, 250, 38, 155, 85, 83, 40, 26, 56, 230, 50, 90, 55, 239, 44, 241, 185, 205, 144, 185, 58, 205, 235, 64, 58, 250, 38, 155, 85, 31, 42, 65, 56, 164, 51, 42, 55, 5, 111, 186, 185, 52, 114, 143, 58, 47, 173, 106, 58, 250, 38, 166, 92, 83, 40, 26, 56, 230, 50, 90, 55, 52, 102, 7, 176, 126, 29, 195, 58, 205, 235, 64, 58, 250, 38, 166, 92, 88, 39, 93, 56, 255, 51, 182, 55, 201, 153, 10, 176, 0, 212, 150, 58, 47, 173, 106, 58, 250, 38, 166, 92, 128, 35, 54, 56, 44, 51, 198, 55, 56, 2, 197, 171, 2, 170, 150, 184, 15, 216, 54, 56, 94, 226, 127, 64, 192, 40, 48, 56, 19, 58, 0, 52, 0, 0, 0, 0, 2, 170, 150, 184, 0, 0, 0, 0, 94, 226, 127, 64, 192, 40, 48, 56, 0, 58, 0, 52, 15, 79, 49, 186, 142, 11, 116, 58, 47, 173, 106, 58, 240, 16, 135, 52, 88, 39, 93, 56, 96, 50, 254, 54, 191, 61, 2, 186, 176, 64, 189, 57, 116, 7, 135, 58, 240, 16, 135, 52, 83, 40, 26, 56, 13, 49, 82, 55, 108, 11, 116, 186, 48, 79, 49, 58, 47, 173, 106, 58, 240, 16, 135, 52, 31, 42, 65, 56, 167, 49, 187, 54, 191, 61, 2, 186, 176, 64, 189, 57, 116, 7, 135, 58, 240, 16, 165, 91, 83, 40, 26, 56, 13, 49, 82, 55, 15, 79, 49, 186, 142, 11, 116, 58, 47, 173, 106, 58, 240, 16, 165, 91, 88, 39, 93, 56, 96, 50, 254, 54, 105, 64, 189, 185, 226, 61, 2, 58, 116, 7, 135, 58, 240, 16, 165, 91, 128, 35, 54, 56, 112, 49, 118, 55, 231, 78, 49, 58, 155, 11, 116, 58, 47, 173, 106, 58, 10, 21, 212, 110, 88, 39, 93, 56, 230, 50, 82, 56, 56, 253, 70, 57, 185, 27, 25, 58, 116, 7, 135, 58, 10, 21, 212, 110, 83, 40, 26, 56, 221, 49, 15, 56, 170, 110, 186, 57, 55, 114, 143, 58, 47, 173, 106, 58, 10, 21, 212, 110, 31, 42, 65, 56, 44, 51, 28, 56, 56, 253, 70, 57, 185, 27, 25, 58, 116, 7, 135, 58, 10, 21, 35, 120, 83, 40, 26, 56, 221, 49, 15, 56, 231, 78, 49, 58, 155, 11, 116, 58, 47, 173, 106, 58, 10, 21, 35, 120, 88, 39, 93, 56, 230, 50, 82, 56, 43, 64, 189, 57, 233, 61, 2, 58, 116, 7, 135, 58, 10, 21, 35, 120, 128, 35, 54, 56, 183, 49, 44, 56, 98, 36, 2, 176, 51, 227, 242, 58, 0, 0, 0, 0, 239, 109, 143, 42, 88, 39, 93, 56, 66, 47, 116, 59, 215, 28, 22, 186, 240, 255, 230, 58, 178, 123, 140, 57, 239, 109, 143, 42, 83, 40, 26, 56, 107, 44, 163, 59, 215, 28, 22, 186, 240, 255, 230, 58, 0, 0, 0, 0, 239, 109, 143, 42, 31, 42, 65, 56, 90, 44, 118, 59, 98, 36, 2, 176, 51, 227, 242, 58, 178, 123, 140, 57, 239, 109, 143, 42, 128, 35, 54, 56, 66, 47, 161, 59, 215, 28, 22, 186, 240, 255, 230, 58, 178, 123, 140, 57, 224, 64, 159, 38, 88, 39, 93, 56, 107, 44, 163, 59, 75, 249, 135, 186, 240, 38, 187, 58, 166, 126, 251, 57, 224, 64, 159, 38, 83, 40, 26, 56, 222, 38, 209, 59, 251, 195, 142, 186, 10, 128, 196, 58, 178, 123, 140, 57, 224, 64, 159, 38, 31, 42, 65, 56, 53, 38, 171, 59, 75, 249, 135, 186, 240, 38, 187, 58, 166, 126, 251, 57, 224, 64, 159, 37, 83, 40, 26, 56, 222, 38, 209, 59, 215, 28, 22, 186, 240, 255, 230, 58, 178, 123, 140, 57, 224, 64, 159, 37, 88, 39, 93, 56, 107, 44, 163, 59, 173, 248, 14, 186, 174, 2, 220, 58, 166, 126, 251, 57, 224, 64, 159, 37, 128, 35, 54, 56, 124, 44, 201, 59, 155, 2, 220, 186, 204, 248, 14, 58, 166, 126, 251, 57, 200, 8, 197, 17, 88, 39, 93, 56, 125, 49, 108, 44, 106, 29, 195, 186, 125, 80, 38, 49, 205, 235, 64, 58, 200, 8, 197, 17, 83, 40, 26, 56, 130, 48, 214, 47, 21, 85, 231, 186, 85, 238, 31, 49, 166, 126, 251, 57, 200, 8, 197, 17, 31, 42, 65, 56, 127, 48, 188, 43, 106, 29, 195, 186, 125, 80, 38, 49, 205, 235, 64, 58, 200, 8, 189, 18, 83, 40, 26, 56, 130, 48, 214, 47, 155, 2, 220, 186, 204, 248, 14, 58, 166, 126, 251, 57, 200, 8, 189, 18, 88, 39, 93, 56, 125, 49, 108, 44, 185, 144, 185, 186, 48, 45, 241, 57, 205, 235, 64, 58, 200, 8, 189, 18, 128, 35, 54, 56, 89, 49, 40, 48, 101, 29, 195, 58, 25, 200, 134, 49, 205, 235, 64, 58, 38, 6, 42, 114, 88, 39, 93, 56, 240, 48, 232, 56, 22, 114, 143, 58, 117, 111, 186, 57, 47, 173, 106, 58, 38, 6, 42, 114, 83, 40, 26, 56, 167, 49, 162, 56, 175, 144, 185, 58, 106, 45, 241, 57, 205, 235, 64, 58, 38, 6, 42, 114, 31, 42, 65, 56, 8, 50, 209, 56, 22, 114, 143, 58, 117, 111, 186, 57, 47, 173, 106, 58, 38, 6, 58, 108, 83, 40, 26, 56, 167, 49, 162, 56, 101, 29, 195, 58, 25, 200, 134, 49, 205, 235, 64, 58, 38, 6, 58, 108, 88, 39, 93, 56, 240, 48, 232, 56, 230, 211, 150, 58, 128, 60, 125, 49, 47, 173, 106, 58, 38, 6, 58, 108, 128, 35, 54, 56, 207, 48, 179, 56 ),
"array_index_data": PoolByteArray( 0, 0, 1, 0, 2, 0, 1, 0, 0, 0, 3, 0, 4, 0, 5, 0, 6, 0, 7, 0, 8, 0, 9, 0, 10, 0, 11, 0, 12, 0, 13, 0, 14, 0, 15, 0, 16, 0, 17, 0, 18, 0, 17, 0, 19, 0, 18, 0, 19, 0, 20, 0, 18, 0, 17, 0, 21, 0, 19, 0, 20, 0, 22, 0, 18, 0, 19, 0, 23, 0, 20, 0, 21, 0, 24, 0, 19, 0, 17, 0, 25, 0, 21, 0, 23, 0, 26, 0, 20, 0, 19, 0, 27, 0, 23, 0, 24, 0, 28, 0, 19, 0, 21, 0, 29, 0, 24, 0, 27, 0, 30, 0, 23, 0, 19, 0, 31, 0, 27, 0, 24, 0, 32, 0, 28, 0, 31, 0, 33, 0, 27, 0, 19, 0, 34, 0, 31, 0, 34, 0, 35, 0, 31, 0, 36, 0, 37, 0, 38, 0, 37, 0, 36, 0, 39, 0, 40, 0, 41, 0, 42, 0, 43, 0, 44, 0, 45, 0, 46, 0, 47, 0, 48, 0, 49, 0, 50, 0, 51, 0, 52, 0, 53, 0, 54, 0, 55, 0, 56, 0, 57, 0, 58, 0, 59, 0, 60, 0, 59, 0, 58, 0, 61, 0, 62, 0, 63, 0, 64, 0, 63, 0, 65, 0, 64, 0, 63, 0, 66, 0, 65, 0, 63, 0, 67, 0, 66, 0, 67, 0, 68, 0, 66, 0, 63, 0, 69, 0, 67, 0, 70, 0, 71, 0, 72, 0, 73, 0, 74, 0, 75, 0, 76, 0, 77, 0, 78, 0, 79, 0, 80, 0, 81, 0, 82, 0, 83, 0, 84, 0, 85, 0, 86, 0, 87, 0, 88, 0, 89, 0, 90, 0, 89, 0, 88, 0, 91, 0, 92, 0, 93, 0, 94, 0, 93, 0, 92, 0, 95, 0, 96, 0, 97, 0, 98, 0, 99, 0, 100, 0, 101, 0, 60, 0, 102, 0, 103, 0, 102, 0, 60, 0, 59, 0, 104, 0, 105, 0, 106, 0, 105, 0, 104, 0, 107, 0, 108, 0, 109, 0, 110, 0, 111, 0, 112, 0, 113, 0, 114, 0, 115, 0, 116, 0, 117, 0, 118, 0, 119, 0, 120, 0, 121, 0, 122, 0, 121, 0, 120, 0, 123, 0, 124, 0, 125, 0, 126, 0, 125, 0, 124, 0, 127, 0, 128, 0, 129, 0, 130, 0, 129, 0, 128, 0, 131, 0, 132, 0, 133, 0, 134, 0, 135, 0, 136, 0, 137, 0, 103, 0, 138, 0, 139, 0, 138, 0, 103, 0, 102, 0, 140, 0, 141, 0, 142, 0, 143, 0, 144, 0, 145, 0, 146, 0, 147, 0, 148, 0, 149, 0, 150, 0, 151, 0, 152, 0, 153, 0, 154, 0, 155, 0, 156, 0, 157, 0, 158, 0, 159, 0, 160, 0, 159, 0, 158, 0, 161, 0, 162, 0, 163, 0, 164, 0, 163, 0, 162, 0, 165, 0, 166, 0, 167, 0, 168, 0, 167, 0, 166, 0, 169, 0, 170, 0, 171, 0, 172, 0, 173, 0, 174, 0, 175, 0, 139, 0, 176, 0, 177, 0, 176, 0, 139, 0, 138, 0, 178, 0, 179, 0, 180, 0, 181, 0, 182, 0, 183, 0, 184, 0, 185, 0, 186, 0, 187, 0, 188, 0, 189, 0, 190, 0, 191, 0, 192, 0, 193, 0, 194, 0, 195, 0, 196, 0, 197, 0, 198, 0, 197, 0, 196, 0, 199, 0, 200, 0, 201, 0, 202, 0, 201, 0, 200, 0, 203, 0, 204, 0, 205, 0, 206, 0, 207, 0, 208, 0, 209, 0, 210, 0, 211, 0, 212, 0, 213, 0, 214, 0, 215, 0, 177, 0, 3, 0, 0, 0, 3, 0, 177, 0, 176, 0, 216, 0, 217, 0, 218, 0, 217, 0, 216, 0, 219, 0, 220, 0, 221, 0, 222, 0, 223, 0, 224, 0, 225, 0, 226, 0, 227, 0, 228, 0, 229, 0, 230, 0, 231, 0, 232, 0, 233, 0, 234, 0, 233, 0, 232, 0, 235, 0, 236, 0, 237, 0, 238, 0, 239, 0, 240, 0, 241, 0, 242, 0, 243, 0, 244, 0, 245, 0, 246, 0, 247, 0, 248, 0, 249, 0, 250, 0, 251, 0, 252, 0, 253, 0, 254, 0, 255, 0, 0, 1, 255, 0, 1, 1, 0, 1, 254, 0, 2, 1, 255, 0, 255, 0, 3, 1, 1, 1, 2, 1, 4, 1, 255, 0, 254, 0, 5, 1, 2, 1, 6, 1, 7, 1, 8, 1, 9, 1, 10, 1, 11, 1, 12, 1, 13, 1, 14, 1, 13, 1, 12, 1, 15, 1, 16, 1, 17, 1, 18, 1, 17, 1, 16, 1, 19, 1, 20, 1, 21, 1, 22, 1, 23, 1, 24, 1, 25, 1, 26, 1, 27, 1, 28, 1, 29, 1, 30, 1, 31, 1, 32, 1, 33, 1, 34, 1, 35, 1, 36, 1, 37, 1, 38, 1, 39, 1, 40, 1, 41, 1, 42, 1, 43, 1, 44, 1, 45, 1, 46, 1, 47, 1, 48, 1, 49, 1, 50, 1, 51, 1, 52, 1, 53, 1, 54, 1, 55, 1, 56, 1, 57, 1, 58, 1, 57, 1, 56, 1, 59, 1, 60, 1, 61, 1, 62, 1, 63, 1, 64, 1, 65, 1, 66, 1, 67, 1, 68, 1, 69, 1, 70, 1, 71, 1, 72, 1, 73, 1, 74, 1, 75, 1, 76, 1, 77, 1, 78, 1, 79, 1, 80, 1, 79, 1, 78, 1, 81, 1, 82, 1, 83, 1, 84, 1, 85, 1, 86, 1, 87, 1, 88, 1, 89, 1, 90, 1, 91, 1, 92, 1, 93, 1, 94, 1, 95, 1, 96, 1, 95, 1, 94, 1, 97, 1, 98, 1, 99, 1, 100, 1, 101, 1, 102, 1, 103, 1, 104, 1, 105, 1, 106, 1, 107, 1, 108, 1, 109, 1, 110, 1, 111, 1, 112, 1, 113, 1, 114, 1, 115, 1, 116, 1, 81, 1, 78, 1, 81, 1, 116, 1, 117, 1, 118, 1, 119, 1, 120, 1, 121, 1, 122, 1, 123, 1, 124, 1, 125, 1, 126, 1, 127, 1, 128, 1, 129, 1, 130, 1, 131, 1, 132, 1, 131, 1, 130, 1, 133, 1, 134, 1, 135, 1, 136, 1, 137, 1, 138, 1, 139, 1, 140, 1, 141, 1, 142, 1, 143, 1, 144, 1, 145, 1, 146, 1, 147, 1, 148, 1, 149, 1, 150, 1, 151, 1, 152, 1, 153, 1, 154, 1, 153, 1, 152, 1, 155, 1, 156, 1, 157, 1, 158, 1, 159, 1, 160, 1, 161, 1, 162, 1, 163, 1, 164, 1, 165, 1, 166, 1, 167, 1, 168, 1, 169, 1, 170, 1, 169, 1, 168, 1, 171, 1, 172, 1, 173, 1, 174, 1, 175, 1, 176, 1, 177, 1, 178, 1, 179, 1, 180, 1, 181, 1, 182, 1, 183, 1, 184, 1, 185, 1, 186, 1, 187, 1, 188, 1, 189, 1, 154, 1, 117, 1, 116, 1, 117, 1, 154, 1, 153, 1, 190, 1, 191, 1, 192, 1, 193, 1, 194, 1, 195, 1, 196, 1, 197, 1, 198, 1, 199, 1, 200, 1, 201, 1, 202, 1, 203, 1, 204, 1, 203, 1, 202, 1, 205, 1, 206, 1, 207, 1, 208, 1, 207, 1, 206, 1, 209, 1, 210, 1, 211, 1, 212, 1, 213, 1, 214, 1, 215, 1, 216, 1, 217, 1, 218, 1, 219, 1, 220, 1, 221, 1, 222, 1, 223, 1, 224, 1, 223, 1, 222, 1, 225, 1, 226, 1, 227, 1, 228, 1, 229, 1, 230, 1, 231, 1, 232, 1, 233, 1, 234, 1, 235, 1, 236, 1, 237, 1, 238, 1, 239, 1, 240, 1, 239, 1, 238, 1, 241, 1, 242, 1, 243, 1, 244, 1, 245, 1, 246, 1, 247, 1, 248, 1, 249, 1, 250, 1, 251, 1, 252, 1, 253, 1, 254, 1, 255, 1, 0, 2, 1, 2, 2, 2, 3, 2, 224, 1, 4, 2, 5, 2, 4, 2, 224, 1, 223, 1, 6, 2, 7, 2, 8, 2, 9, 2, 10, 2, 11, 2, 12, 2, 13, 2, 14, 2, 13, 2, 15, 2, 14, 2, 15, 2, 16, 2, 14, 2, 13, 2, 17, 2, 15, 2, 16, 2, 18, 2, 14, 2, 15, 2, 19, 2, 16, 2, 17, 2, 20, 2, 15, 2, 13, 2, 21, 2, 17, 2, 19, 2, 22, 2, 16, 2, 15, 2, 23, 2, 19, 2, 20, 2, 24, 2, 15, 2, 17, 2, 25, 2, 20, 2, 23, 2, 26, 2, 19, 2, 15, 2, 27, 2, 23, 2, 24, 2, 28, 2, 15, 2, 20, 2, 29, 2, 24, 2, 27, 2, 30, 2, 23, 2, 24, 2, 31, 2, 28, 2, 32, 2, 33, 2, 34, 2, 33, 2, 32, 2, 35, 2, 36, 2, 37, 2, 38, 2, 39, 2, 40, 2, 41, 2, 42, 2, 43, 2, 44, 2, 45, 2, 46, 2, 47, 2, 48, 2, 49, 2, 50, 2, 51, 2, 52, 2, 53, 2, 5, 2, 155, 1, 152, 1, 155, 1, 5, 2, 4, 2, 54, 2, 55, 2, 56, 2, 57, 2, 58, 2, 59, 2, 60, 2, 61, 2, 62, 2, 63, 2, 64, 2, 65, 2, 66, 2, 67, 2, 68, 2, 67, 2, 66, 2, 69, 2, 70, 2, 71, 2, 72, 2, 73, 2, 74, 2, 75, 2, 76, 2, 77, 2, 78, 2, 79, 2, 80, 2, 81, 2, 82, 2, 83, 2, 84, 2, 85, 2, 86, 2, 87, 2, 88, 2, 61, 0, 58, 0, 61, 0, 88, 2, 89, 2, 90, 2, 91, 2, 92, 2, 93, 2, 94, 2, 95, 2, 96, 2, 97, 2, 98, 2, 99, 2, 100, 2, 101, 2, 102, 2, 103, 2, 104, 2, 103, 2, 102, 2, 105, 2, 106, 2, 107, 2, 108, 2, 109, 2, 110, 2, 111, 2, 112, 2, 113, 2, 114, 2, 115, 2, 116, 2, 117, 2, 118, 2, 119, 2, 120, 2, 121, 2, 122, 2, 123, 2 ),
"blend_shape_data": [  ],
"format": 2194743,
"index_count": 828,
"material": SubResource( 1 ),
"primitive": 4,
"skeleton_aabb": [  ],
"vertex_count": 636
}
