[gd_resource type="ArrayMesh" load_steps=3 format=2]

[ext_resource path="res://models/nordictavern/Texture.png" type="Texture" id=1]

[sub_resource type="SpatialMaterial" id=1]
albedo_texture = ExtResource( 1 )

[resource]
lightmap_size_hint = Vector2( 38, 38 )
blend_shape_mode = 0
surfaces/0 = {
"aabb": AABB( -0.00171679, -0.00171679, -2.4972e-05, 0.00343357, 0.00343357, 0.0300372 ),
"array_data": PoolByteArray( 99, 245, 142, 58, 99, 245, 142, 58, 20, 66, 169, 58, 0, 0, 0, 1, 181, 58, 165, 52, 84, 55, 179, 59, 204, 5, 225, 58, 204, 5, 225, 186, 25, 66, 169, 58, 0, 0, 0, 1, 234, 58, 58, 52, 242, 54, 215, 58, 99, 245, 142, 58, 99, 245, 142, 186, 20, 66, 169, 58, 0, 0, 0, 1, 234, 58, 165, 52, 84, 55, 8, 59, 204, 5, 225, 58, 204, 5, 225, 58, 25, 66, 169, 58, 0, 0, 0, 1, 181, 58, 58, 52, 242, 54, 229, 59, 204, 5, 225, 186, 204, 5, 225, 186, 10, 123, 209, 183, 129, 0, 0, 63, 177, 58, 125, 53, 215, 58, 40, 57, 204, 5, 225, 186, 204, 5, 225, 58, 25, 66, 169, 58, 129, 0, 0, 63, 230, 58, 18, 53, 229, 59, 53, 58, 204, 5, 225, 186, 204, 5, 225, 186, 25, 66, 169, 58, 129, 0, 0, 63, 230, 58, 125, 53, 215, 58, 53, 58, 204, 5, 225, 186, 204, 5, 225, 58, 10, 123, 209, 183, 129, 0, 0, 63, 177, 58, 18, 53, 229, 59, 40, 57, 99, 245, 142, 58, 99, 245, 142, 186, 20, 66, 169, 58, 0, 0, 129, 64, 181, 58, 165, 52, 84, 55, 8, 59, 204, 5, 225, 186, 204, 5, 225, 186, 25, 66, 169, 58, 0, 0, 129, 64, 234, 58, 58, 52, 134, 56, 215, 58, 99, 245, 142, 186, 99, 245, 142, 186, 20, 66, 169, 58, 0, 0, 129, 64, 234, 58, 165, 52, 85, 56, 8, 59, 204, 5, 225, 58, 204, 5, 225, 186, 25, 66, 169, 58, 0, 0, 129, 64, 181, 58, 58, 52, 242, 54, 215, 58, 204, 5, 225, 186, 204, 5, 225, 58, 10, 123, 209, 183, 0, 127, 0, 63, 177, 58, 125, 53, 188, 34, 215, 58, 204, 5, 225, 58, 204, 5, 225, 58, 25, 66, 169, 58, 0, 127, 0, 63, 230, 58, 18, 53, 161, 48, 229, 59, 204, 5, 225, 186, 204, 5, 225, 58, 25, 66, 169, 58, 0, 127, 0, 63, 230, 58, 125, 53, 188, 34, 229, 59, 204, 5, 225, 58, 204, 5, 225, 58, 10, 123, 209, 183, 0, 127, 0, 63, 177, 58, 18, 53, 161, 48, 215, 58, 99, 245, 142, 58, 99, 245, 142, 58, 78, 220, 245, 60, 0, 0, 129, 64, 177, 58, 125, 53, 175, 53, 229, 59, 99, 245, 142, 186, 99, 245, 142, 186, 78, 220, 245, 60, 0, 0, 129, 64, 230, 58, 18, 53, 40, 51, 215, 58, 99, 245, 142, 186, 99, 245, 142, 58, 78, 220, 245, 60, 0, 0, 129, 64, 230, 58, 125, 53, 175, 53, 215, 58, 99, 245, 142, 58, 99, 245, 142, 186, 78, 220, 245, 60, 0, 0, 129, 64, 177, 58, 18, 53, 40, 51, 229, 59, 204, 5, 225, 58, 204, 5, 225, 58, 10, 123, 209, 183, 127, 0, 0, 63, 177, 58, 125, 53, 215, 58, 188, 34, 204, 5, 225, 58, 204, 5, 225, 186, 25, 66, 169, 58, 127, 0, 0, 63, 230, 58, 18, 53, 229, 59, 161, 48, 204, 5, 225, 58, 204, 5, 225, 58, 25, 66, 169, 58, 127, 0, 0, 63, 230, 58, 125, 53, 215, 58, 161, 48, 204, 5, 225, 58, 204, 5, 225, 186, 10, 123, 209, 183, 127, 0, 0, 63, 177, 58, 18, 53, 229, 59, 188, 34, 99, 245, 142, 186, 99, 245, 142, 58, 20, 66, 169, 58, 129, 0, 0, 1, 177, 58, 125, 53, 188, 34, 175, 53, 99, 245, 142, 186, 99, 245, 142, 186, 78, 220, 245, 60, 129, 0, 0, 1, 230, 58, 18, 53, 53, 58, 40, 51, 99, 245, 142, 186, 99, 245, 142, 186, 20, 66, 169, 58, 129, 0, 0, 1, 230, 58, 125, 53, 188, 34, 40, 51, 99, 245, 142, 186, 99, 245, 142, 58, 78, 220, 245, 60, 129, 0, 0, 1, 177, 58, 18, 53, 53, 58, 175, 53, 204, 5, 225, 58, 204, 5, 225, 186, 10, 123, 209, 183, 0, 129, 0, 63, 177, 58, 125, 53, 215, 58, 40, 51, 204, 5, 225, 186, 204, 5, 225, 186, 25, 66, 169, 58, 0, 129, 0, 63, 230, 58, 18, 53, 229, 59, 175, 53, 204, 5, 225, 58, 204, 5, 225, 186, 25, 66, 169, 58, 0, 129, 0, 63, 230, 58, 125, 53, 215, 58, 175, 53, 204, 5, 225, 186, 204, 5, 225, 186, 10, 123, 209, 183, 0, 129, 0, 63, 177, 58, 18, 53, 229, 59, 40, 51, 99, 245, 142, 186, 99, 245, 142, 186, 20, 66, 169, 58, 0, 129, 127, 64, 177, 58, 125, 53, 188, 34, 188, 34, 99, 245, 142, 58, 99, 245, 142, 186, 78, 220, 245, 60, 0, 129, 127, 64, 230, 58, 18, 53, 53, 58, 161, 48, 99, 245, 142, 58, 99, 245, 142, 186, 20, 66, 169, 58, 0, 129, 127, 64, 230, 58, 125, 53, 188, 34, 161, 48, 99, 245, 142, 186, 99, 245, 142, 186, 78, 220, 245, 60, 0, 129, 127, 64, 177, 58, 18, 53, 53, 58, 188, 34, 204, 5, 225, 186, 204, 5, 225, 58, 10, 123, 209, 183, 127, 127, 127, 64, 177, 58, 125, 53, 229, 59, 134, 56, 204, 5, 225, 58, 204, 5, 225, 186, 10, 123, 209, 183, 127, 127, 127, 64, 230, 58, 18, 53, 215, 58, 242, 54, 204, 5, 225, 58, 204, 5, 225, 58, 10, 123, 209, 183, 127, 127, 127, 64, 230, 58, 125, 53, 229, 59, 242, 54, 204, 5, 225, 186, 204, 5, 225, 186, 10, 123, 209, 183, 127, 127, 127, 64, 177, 58, 18, 53, 215, 58, 134, 56, 99, 245, 142, 58, 99, 245, 142, 58, 20, 66, 169, 58, 0, 127, 129, 64, 177, 58, 125, 53, 188, 34, 242, 54, 99, 245, 142, 186, 99, 245, 142, 58, 78, 220, 245, 60, 0, 127, 129, 64, 230, 58, 18, 53, 53, 58, 134, 56, 99, 245, 142, 186, 99, 245, 142, 58, 20, 66, 169, 58, 0, 127, 129, 64, 230, 58, 125, 53, 188, 34, 134, 56, 99, 245, 142, 58, 99, 245, 142, 58, 78, 220, 245, 60, 0, 127, 129, 64, 177, 58, 18, 53, 53, 58, 242, 54, 99, 245, 142, 58, 99, 245, 142, 186, 20, 66, 169, 58, 127, 0, 0, 127, 177, 58, 125, 53, 188, 34, 53, 58, 99, 245, 142, 58, 99, 245, 142, 58, 78, 220, 245, 60, 127, 0, 0, 127, 230, 58, 18, 53, 53, 58, 40, 57, 99, 245, 142, 58, 99, 245, 142, 58, 20, 66, 169, 58, 127, 0, 0, 127, 230, 58, 125, 53, 188, 34, 40, 57, 99, 245, 142, 58, 99, 245, 142, 186, 78, 220, 245, 60, 127, 0, 0, 127, 177, 58, 18, 53, 53, 58, 53, 58, 99, 245, 142, 186, 99, 245, 142, 186, 20, 66, 169, 58, 0, 0, 0, 127, 181, 58, 165, 52, 85, 56, 8, 59, 204, 5, 225, 186, 204, 5, 225, 58, 25, 66, 169, 58, 0, 0, 0, 127, 234, 58, 58, 52, 134, 56, 229, 59, 99, 245, 142, 186, 99, 245, 142, 58, 20, 66, 169, 58, 0, 0, 0, 127, 234, 58, 165, 52, 85, 56, 179, 59, 204, 5, 225, 186, 204, 5, 225, 186, 25, 66, 169, 58, 0, 0, 0, 127, 181, 58, 58, 52, 134, 56, 215, 58, 99, 245, 142, 186, 99, 245, 142, 58, 20, 66, 169, 58, 0, 0, 127, 64, 181, 58, 165, 52, 85, 56, 179, 59, 204, 5, 225, 58, 204, 5, 225, 58, 25, 66, 169, 58, 0, 0, 127, 64, 234, 58, 58, 52, 242, 54, 229, 59, 99, 245, 142, 58, 99, 245, 142, 58, 20, 66, 169, 58, 0, 0, 127, 64, 234, 58, 165, 52, 84, 55, 179, 59, 204, 5, 225, 186, 204, 5, 225, 58, 25, 66, 169, 58, 0, 0, 127, 64, 181, 58, 58, 52, 134, 56, 229, 59 ),
"array_index_data": PoolByteArray( 0, 0, 1, 0, 2, 0, 1, 0, 0, 0, 3, 0, 4, 0, 5, 0, 6, 0, 5, 0, 4, 0, 7, 0, 8, 0, 9, 0, 10, 0, 9, 0, 8, 0, 11, 0, 12, 0, 13, 0, 14, 0, 13, 0, 12, 0, 15, 0, 16, 0, 17, 0, 18, 0, 17, 0, 16, 0, 19, 0, 20, 0, 21, 0, 22, 0, 21, 0, 20, 0, 23, 0, 24, 0, 25, 0, 26, 0, 25, 0, 24, 0, 27, 0, 28, 0, 29, 0, 30, 0, 29, 0, 28, 0, 31, 0, 32, 0, 33, 0, 34, 0, 33, 0, 32, 0, 35, 0, 36, 0, 37, 0, 38, 0, 37, 0, 36, 0, 39, 0, 40, 0, 41, 0, 42, 0, 41, 0, 40, 0, 43, 0, 44, 0, 45, 0, 46, 0, 45, 0, 44, 0, 47, 0, 48, 0, 49, 0, 50, 0, 49, 0, 48, 0, 51, 0, 52, 0, 53, 0, 54, 0, 53, 0, 52, 0, 55, 0 ),
"blend_shape_data": [  ],
"format": 2194743,
"index_count": 84,
"material": SubResource( 1 ),
"primitive": 4,
"skeleton_aabb": [  ],
"vertex_count": 56
}
