[gd_resource type="ArrayMesh" load_steps=3 format=2]

[ext_resource path="res://models/nordictavern/Texture.png" type="Texture" id=1]

[sub_resource type="SpatialMaterial" id=1]
albedo_texture = ExtResource( 1 )

[resource]
lightmap_size_hint = Vector2( 18, 18 )
blend_shape_mode = 0
surfaces/0 = {
"aabb": AABB( -0.000630079, -0.000630079, -0.000653342, 0.00126016, 0.00126016, 0.00110793 ),
"array_data": PoolByteArray( 12, 113, 243, 185, 115, 172, 73, 57, 252, 75, 232, 57, 104, 236, 160, 2, 193, 44, 87, 56, 168, 57, 199, 59, 230, 191, 3, 186, 88, 20, 93, 46, 185, 252, 252, 185, 104, 236, 160, 2, 190, 46, 72, 56, 199, 57, 85, 59, 230, 191, 3, 186, 88, 20, 93, 46, 252, 75, 232, 57, 104, 236, 160, 2, 253, 45, 111, 56, 199, 57, 199, 59, 12, 113, 243, 185, 115, 172, 73, 57, 185, 252, 252, 185, 104, 236, 160, 2, 130, 45, 48, 56, 168, 57, 85, 59, 110, 82, 186, 185, 123, 82, 186, 57, 252, 75, 232, 57, 11, 237, 65, 92, 193, 44, 87, 56, 134, 48, 22, 41, 91, 184, 92, 185, 109, 55, 5, 58, 111, 85, 238, 57, 11, 237, 65, 92, 190, 46, 72, 56, 55, 50, 28, 39, 101, 172, 73, 185, 16, 113, 243, 57, 252, 75, 232, 57, 11, 237, 65, 92, 253, 45, 111, 56, 36, 50, 22, 41, 56, 235, 203, 185, 68, 235, 203, 57, 111, 85, 238, 57, 11, 237, 65, 92, 130, 45, 48, 56, 115, 48, 28, 39, 208, 187, 150, 174, 75, 106, 10, 58, 6, 69, 43, 186, 31, 107, 35, 66, 193, 44, 87, 56, 224, 57, 251, 57, 101, 6, 103, 57, 150, 111, 11, 58, 7, 161, 173, 185, 31, 107, 35, 66, 190, 46, 72, 56, 198, 57, 78, 57, 125, 57, 169, 174, 162, 236, 22, 58, 7, 161, 173, 185, 31, 107, 35, 66, 253, 45, 111, 56, 226, 57, 79, 57, 101, 6, 103, 57, 150, 111, 11, 58, 7, 161, 173, 185, 31, 107, 36, 66, 190, 46, 72, 56, 198, 57, 78, 57, 208, 187, 150, 174, 75, 106, 10, 58, 6, 69, 43, 186, 31, 107, 36, 66, 193, 44, 87, 56, 224, 57, 251, 57, 117, 224, 83, 57, 5, 194, 255, 57, 6, 69, 43, 186, 31, 107, 36, 66, 130, 45, 48, 56, 198, 57, 250, 57, 112, 224, 83, 185, 15, 194, 255, 57, 6, 69, 43, 186, 225, 107, 29, 72, 193, 44, 87, 56, 246, 57, 0, 58, 125, 57, 169, 174, 162, 236, 22, 58, 7, 161, 173, 185, 225, 107, 29, 72, 190, 46, 72, 56, 226, 57, 79, 57, 94, 6, 103, 185, 156, 111, 11, 58, 7, 161, 173, 185, 225, 107, 29, 72, 253, 45, 111, 56, 251, 57, 84, 57, 125, 57, 169, 174, 162, 236, 22, 58, 7, 161, 173, 185, 225, 107, 29, 72, 190, 46, 72, 56, 226, 57, 79, 57, 112, 224, 83, 185, 15, 194, 255, 57, 6, 69, 43, 186, 225, 107, 29, 72, 193, 44, 87, 56, 246, 57, 0, 58, 208, 187, 150, 174, 75, 106, 10, 58, 6, 69, 43, 186, 225, 107, 29, 72, 130, 45, 48, 56, 224, 57, 251, 57, 120, 112, 213, 185, 123, 112, 213, 185, 7, 161, 173, 185, 204, 180, 36, 49, 193, 44, 87, 56, 113, 59, 6, 51, 217, 193, 111, 185, 212, 180, 16, 186, 132, 70, 43, 57, 204, 180, 36, 49, 190, 46, 72, 56, 141, 59, 209, 45, 94, 6, 103, 185, 151, 111, 11, 186, 7, 161, 173, 185, 204, 180, 36, 49, 253, 45, 111, 56, 141, 59, 0, 51, 201, 129, 221, 185, 203, 129, 221, 185, 132, 70, 43, 57, 204, 180, 36, 49, 130, 45, 48, 56, 112, 59, 223, 45, 7, 161, 28, 186, 152, 83, 61, 46, 132, 70, 43, 57, 149, 225, 8, 27, 193, 44, 87, 56, 170, 59, 74, 56, 55, 153, 24, 186, 92, 213, 124, 185, 156, 226, 212, 57, 149, 225, 8, 27, 190, 46, 72, 56, 199, 59, 156, 55, 214, 180, 16, 186, 226, 193, 111, 185, 132, 70, 43, 57, 149, 225, 8, 27, 253, 45, 111, 56, 196, 59, 79, 56, 55, 153, 24, 186, 92, 213, 124, 185, 156, 226, 212, 57, 149, 225, 8, 26, 190, 46, 72, 56, 199, 59, 156, 55, 7, 161, 28, 186, 152, 83, 61, 46, 132, 70, 43, 57, 149, 225, 8, 26, 193, 44, 87, 56, 170, 59, 74, 56, 222, 43, 37, 186, 141, 150, 71, 46, 156, 226, 212, 57, 149, 225, 8, 26, 130, 45, 48, 56, 172, 59, 145, 55, 56, 235, 203, 185, 68, 235, 203, 57, 111, 85, 238, 57, 233, 35, 67, 98, 65, 44, 191, 55, 112, 57, 79, 52, 82, 213, 124, 185, 56, 153, 24, 58, 156, 226, 212, 57, 233, 35, 67, 98, 62, 46, 160, 55, 28, 57, 227, 52, 91, 184, 92, 185, 109, 55, 5, 58, 111, 85, 238, 57, 233, 35, 67, 98, 125, 45, 239, 55, 20, 57, 155, 52, 82, 213, 124, 185, 56, 153, 24, 58, 156, 226, 212, 57, 233, 35, 68, 97, 62, 46, 160, 55, 28, 57, 227, 52, 56, 235, 203, 185, 68, 235, 203, 57, 111, 85, 238, 57, 233, 35, 68, 97, 65, 44, 191, 55, 112, 57, 79, 52, 102, 150, 233, 185, 116, 150, 233, 57, 156, 226, 212, 57, 233, 35, 68, 97, 2, 45, 112, 55, 132, 57, 140, 52, 117, 82, 186, 57, 110, 82, 186, 185, 252, 75, 232, 57, 180, 50, 102, 118, 193, 44, 87, 56, 85, 45, 85, 59, 15, 113, 243, 57, 114, 172, 73, 185, 185, 252, 252, 185, 180, 50, 102, 118, 190, 46, 72, 56, 132, 44, 199, 59, 15, 113, 243, 57, 114, 172, 73, 185, 252, 75, 232, 57, 180, 50, 102, 118, 253, 45, 111, 56, 132, 44, 85, 59, 117, 82, 186, 57, 110, 82, 186, 185, 185, 252, 252, 185, 180, 50, 102, 118, 130, 45, 48, 56, 85, 45, 199, 59, 101, 172, 73, 185, 16, 113, 243, 57, 252, 75, 232, 57, 4, 233, 90, 79, 193, 44, 87, 56, 36, 50, 22, 41, 201, 59, 11, 175, 70, 49, 16, 58, 111, 85, 238, 57, 4, 233, 90, 79, 190, 46, 72, 56, 217, 51, 67, 42, 225, 96, 101, 175, 232, 191, 3, 58, 252, 75, 232, 57, 4, 233, 90, 79, 253, 45, 111, 56, 162, 51, 144, 43, 201, 59, 11, 175, 70, 49, 16, 58, 111, 85, 238, 57, 4, 233, 92, 79, 190, 46, 72, 56, 217, 51, 67, 42, 101, 172, 73, 185, 16, 113, 243, 57, 252, 75, 232, 57, 4, 233, 92, 79, 193, 44, 87, 56, 36, 50, 22, 41, 91, 184, 92, 185, 109, 55, 5, 58, 111, 85, 238, 57, 4, 233, 92, 79, 130, 45, 48, 56, 55, 50, 28, 39, 91, 184, 92, 185, 109, 55, 5, 58, 111, 85, 238, 57, 248, 44, 92, 86, 65, 44, 191, 55, 20, 57, 155, 52, 160, 140, 183, 174, 224, 43, 37, 58, 156, 226, 212, 57, 248, 44, 92, 86, 62, 46, 160, 55, 170, 56, 227, 52, 201, 59, 11, 175, 70, 49, 16, 58, 111, 85, 238, 57, 248, 44, 92, 86, 125, 45, 239, 55, 178, 56, 155, 52, 82, 213, 124, 185, 56, 153, 24, 58, 156, 226, 212, 57, 248, 44, 92, 86, 2, 45, 112, 55, 28, 57, 227, 52, 117, 224, 83, 57, 5, 194, 255, 57, 6, 69, 43, 186, 58, 80, 34, 59, 193, 44, 87, 56, 198, 57, 250, 57, 115, 112, 213, 57, 114, 112, 213, 57, 7, 161, 173, 185, 58, 80, 34, 59, 190, 46, 72, 56, 170, 57, 79, 57, 101, 6, 103, 57, 150, 111, 11, 58, 7, 161, 173, 185, 58, 80, 34, 59, 253, 45, 111, 56, 198, 57, 78, 57, 115, 112, 213, 57, 114, 112, 213, 57, 7, 161, 173, 185, 58, 80, 35, 58, 190, 46, 72, 56, 170, 57, 79, 57, 117, 224, 83, 57, 5, 194, 255, 57, 6, 69, 43, 186, 58, 80, 35, 58, 193, 44, 87, 56, 198, 57, 250, 57, 167, 191, 195, 57, 166, 191, 195, 57, 6, 69, 43, 186, 58, 80, 35, 58, 130, 45, 48, 56, 172, 57, 251, 57, 112, 224, 83, 185, 15, 194, 255, 57, 6, 69, 43, 186, 127, 127, 78, 87, 220, 45, 57, 56, 55, 50, 0, 58, 161, 191, 195, 185, 174, 191, 195, 57, 6, 69, 43, 186, 127, 127, 78, 87, 148, 45, 57, 56, 115, 48, 0, 58, 208, 187, 150, 174, 75, 106, 10, 58, 6, 69, 43, 186, 127, 127, 78, 87, 32, 46, 60, 56, 217, 51, 212, 57, 73, 106, 10, 186, 60, 134, 43, 46, 6, 69, 43, 186, 127, 127, 78, 87, 34, 45, 67, 56, 67, 42, 132, 57, 73, 106, 10, 58, 93, 76, 41, 45, 6, 69, 43, 186, 127, 127, 78, 87, 93, 46, 92, 56, 140, 52, 66, 56, 11, 194, 255, 185, 125, 224, 83, 57, 6, 69, 43, 186, 127, 127, 78, 87, 83, 45, 61, 56, 161, 45, 212, 57, 167, 191, 195, 57, 166, 191, 195, 57, 6, 69, 43, 186, 127, 127, 78, 87, 115, 46, 74, 56, 227, 52, 28, 57, 102, 182, 68, 45, 77, 106, 10, 186, 6, 69, 43, 186, 127, 127, 78, 87, 95, 45, 99, 56, 161, 45, 228, 55, 117, 224, 83, 57, 5, 194, 255, 57, 6, 69, 43, 186, 127, 127, 78, 87, 85, 46, 66, 56, 140, 52, 132, 57, 12, 194, 255, 57, 119, 224, 83, 57, 6, 69, 43, 186, 127, 127, 78, 87, 118, 46, 83, 56, 227, 52, 170, 56, 167, 191, 195, 57, 166, 191, 195, 185, 6, 69, 43, 186, 127, 127, 78, 87, 235, 45, 102, 56, 55, 50, 142, 55, 171, 191, 195, 185, 174, 191, 195, 185, 6, 69, 43, 186, 127, 127, 78, 87, 12, 45, 85, 56, 28, 39, 170, 56, 12, 194, 255, 57, 120, 224, 83, 185, 6, 69, 43, 186, 127, 127, 78, 87, 44, 46, 98, 56, 217, 51, 228, 55, 117, 224, 83, 57, 7, 194, 255, 185, 6, 69, 43, 186, 127, 127, 78, 87, 163, 45, 102, 56, 115, 48, 142, 55, 112, 224, 83, 185, 7, 194, 255, 185, 6, 69, 43, 186, 127, 127, 78, 87, 42, 45, 93, 56, 67, 42, 66, 56, 11, 194, 255, 185, 120, 224, 83, 185, 6, 69, 43, 186, 127, 127, 78, 87, 9, 45, 76, 56, 28, 39, 28, 57, 94, 6, 103, 185, 156, 111, 11, 58, 7, 161, 173, 185, 204, 76, 216, 51, 193, 44, 87, 56, 90, 59, 84, 57, 189, 129, 221, 185, 203, 129, 221, 57, 132, 70, 43, 57, 204, 76, 216, 51, 190, 46, 72, 56, 112, 59, 74, 56, 108, 112, 213, 185, 123, 112, 213, 57, 7, 161, 173, 185, 204, 76, 216, 51, 253, 45, 111, 56, 113, 59, 79, 57, 217, 193, 111, 185, 215, 180, 16, 58, 132, 70, 43, 57, 204, 76, 216, 51, 130, 45, 48, 56, 88, 59, 79, 56, 215, 180, 16, 58, 226, 193, 111, 185, 132, 70, 43, 57, 107, 225, 18, 96, 193, 44, 87, 56, 254, 55, 72, 56, 221, 43, 37, 58, 100, 167, 53, 45, 156, 226, 212, 57, 107, 225, 18, 96, 190, 46, 72, 56, 30, 56, 145, 55, 6, 161, 28, 58, 142, 128, 44, 45, 132, 70, 43, 57, 107, 225, 18, 96, 253, 45, 111, 56, 28, 56, 74, 56, 56, 153, 24, 58, 92, 213, 124, 185, 156, 226, 212, 57, 107, 225, 18, 96, 130, 45, 48, 56, 254, 55, 142, 55, 117, 82, 186, 57, 110, 82, 186, 57, 185, 252, 252, 185, 0, 0, 203, 100, 220, 45, 57, 56, 85, 59, 130, 59, 225, 96, 101, 175, 232, 191, 3, 58, 185, 252, 252, 185, 0, 0, 203, 100, 85, 46, 66, 56, 93, 59, 174, 59, 106, 172, 73, 57, 7, 113, 243, 57, 185, 252, 252, 185, 0, 0, 203, 100, 32, 46, 60, 56, 85, 59, 153, 59, 110, 82, 186, 185, 123, 82, 186, 57, 185, 252, 252, 185, 0, 0, 203, 100, 118, 46, 83, 56, 130, 59, 199, 59, 101, 172, 73, 185, 16, 113, 243, 57, 185, 252, 252, 185, 0, 0, 203, 100, 115, 46, 74, 56, 109, 59, 190, 59, 123, 82, 186, 185, 123, 82, 186, 185, 185, 252, 252, 185, 0, 0, 203, 100, 163, 45, 102, 56, 199, 59, 153, 59, 230, 191, 3, 186, 88, 20, 93, 46, 185, 252, 252, 185, 0, 0, 203, 100, 44, 46, 98, 56, 174, 59, 190, 59, 117, 82, 186, 57, 110, 82, 186, 185, 185, 252, 252, 185, 0, 0, 203, 100, 9, 45, 76, 56, 153, 59, 85, 59, 12, 113, 243, 185, 115, 172, 73, 57, 185, 252, 252, 185, 0, 0, 203, 100, 93, 46, 92, 56, 153, 59, 199, 59, 12, 113, 243, 185, 120, 172, 73, 185, 185, 252, 252, 185, 0, 0, 203, 100, 235, 45, 102, 56, 190, 59, 174, 59, 203, 45, 219, 45, 233, 191, 3, 186, 185, 252, 252, 185, 0, 0, 203, 100, 42, 45, 93, 56, 190, 59, 109, 59, 228, 191, 3, 58, 211, 66, 25, 45, 185, 252, 252, 185, 0, 0, 203, 100, 83, 45, 61, 56, 109, 59, 93, 59, 106, 172, 73, 185, 7, 113, 243, 185, 185, 252, 252, 185, 0, 0, 203, 100, 95, 45, 99, 56, 199, 59, 130, 59, 103, 172, 73, 57, 9, 113, 243, 185, 185, 252, 252, 185, 0, 0, 203, 100, 12, 45, 85, 56, 174, 59, 93, 59, 15, 113, 243, 57, 114, 172, 73, 185, 185, 252, 252, 185, 0, 0, 203, 100, 34, 45, 67, 56, 130, 59, 85, 59, 15, 113, 243, 57, 114, 172, 73, 57, 185, 252, 252, 185, 0, 0, 203, 100, 148, 45, 57, 56, 93, 59, 109, 59, 225, 96, 101, 175, 232, 191, 3, 58, 252, 75, 232, 57, 252, 233, 116, 60, 193, 44, 87, 56, 162, 51, 144, 43, 96, 184, 92, 57, 105, 55, 5, 58, 111, 85, 238, 57, 252, 233, 116, 60, 190, 46, 72, 56, 140, 52, 161, 45, 106, 172, 73, 57, 7, 113, 243, 57, 252, 75, 232, 57, 252, 233, 116, 60, 253, 45, 111, 56, 99, 52, 16, 46, 96, 184, 92, 57, 105, 55, 5, 58, 111, 85, 238, 57, 252, 233, 116, 59, 190, 46, 72, 56, 140, 52, 161, 45, 225, 96, 101, 175, 232, 191, 3, 58, 252, 75, 232, 57, 252, 233, 116, 59, 193, 44, 87, 56, 162, 51, 144, 43, 201, 59, 11, 175, 70, 49, 16, 58, 111, 85, 238, 57, 252, 233, 116, 59, 130, 45, 48, 56, 217, 51, 67, 42, 167, 191, 195, 57, 166, 191, 195, 57, 6, 69, 43, 186, 80, 58, 27, 53, 193, 44, 87, 56, 172, 57, 251, 57, 155, 111, 11, 58, 102, 6, 103, 57, 7, 161, 173, 185, 80, 58, 27, 53, 190, 46, 72, 56, 147, 57, 84, 57, 115, 112, 213, 57, 114, 112, 213, 57, 7, 161, 173, 185, 80, 58, 27, 53, 253, 45, 111, 56, 170, 57, 79, 57, 155, 111, 11, 58, 102, 6, 103, 57, 7, 161, 173, 185, 80, 58, 27, 52, 190, 46, 72, 56, 147, 57, 84, 57, 167, 191, 195, 57, 166, 191, 195, 57, 6, 69, 43, 186, 80, 58, 27, 52, 193, 44, 87, 56, 172, 57, 251, 57, 12, 194, 255, 57, 119, 224, 83, 57, 6, 69, 43, 186, 80, 58, 27, 52, 130, 45, 48, 56, 151, 57, 0, 58, 214, 180, 16, 186, 233, 193, 111, 57, 132, 70, 43, 57, 149, 31, 238, 30, 193, 44, 87, 56, 141, 59, 72, 56, 222, 43, 37, 186, 141, 150, 71, 46, 156, 226, 212, 57, 149, 31, 238, 30, 190, 46, 72, 56, 172, 59, 145, 55, 7, 161, 28, 186, 152, 83, 61, 46, 132, 70, 43, 57, 149, 31, 238, 30, 253, 45, 111, 56, 170, 59, 74, 56, 55, 153, 24, 186, 98, 213, 124, 57, 156, 226, 212, 57, 149, 31, 238, 30, 130, 45, 48, 56, 141, 59, 142, 55, 110, 82, 186, 185, 123, 82, 186, 57, 252, 75, 232, 57, 76, 206, 155, 8, 193, 44, 87, 56, 142, 57, 199, 59, 12, 113, 243, 185, 115, 172, 73, 57, 185, 252, 252, 185, 76, 206, 155, 8, 190, 46, 72, 56, 168, 57, 85, 59, 12, 113, 243, 185, 115, 172, 73, 57, 252, 75, 232, 57, 76, 206, 155, 8, 253, 45, 111, 56, 168, 57, 199, 59, 110, 82, 186, 185, 123, 82, 186, 57, 185, 252, 252, 185, 76, 206, 155, 8, 130, 45, 48, 56, 142, 57, 85, 59, 201, 59, 11, 175, 70, 49, 16, 58, 111, 85, 238, 57, 8, 44, 125, 71, 65, 44, 191, 55, 178, 56, 155, 52, 88, 213, 124, 57, 50, 153, 24, 58, 156, 226, 212, 57, 8, 44, 125, 71, 62, 46, 160, 55, 66, 56, 140, 52, 96, 184, 92, 57, 105, 55, 5, 58, 111, 85, 238, 57, 8, 44, 125, 71, 125, 45, 239, 55, 86, 56, 79, 52, 88, 213, 124, 57, 50, 153, 24, 58, 156, 226, 212, 57, 8, 44, 126, 70, 62, 46, 160, 55, 66, 56, 140, 52, 201, 59, 11, 175, 70, 49, 16, 58, 111, 85, 238, 57, 8, 44, 126, 70, 65, 44, 191, 55, 178, 56, 155, 52, 160, 140, 183, 174, 224, 43, 37, 58, 156, 226, 212, 57, 8, 44, 126, 70, 2, 45, 112, 55, 170, 56, 227, 52, 103, 172, 73, 57, 9, 113, 243, 185, 252, 75, 232, 57, 206, 76, 109, 114, 193, 44, 87, 56, 30, 56, 199, 59, 117, 82, 186, 57, 110, 82, 186, 185, 185, 252, 252, 185, 206, 76, 109, 114, 190, 46, 72, 56, 56, 56, 85, 59, 117, 82, 186, 57, 110, 82, 186, 185, 252, 75, 232, 57, 206, 76, 109, 114, 253, 45, 111, 56, 56, 56, 199, 59, 103, 172, 73, 57, 9, 113, 243, 185, 185, 252, 252, 185, 206, 76, 109, 114, 130, 45, 48, 56, 30, 56, 85, 59, 106, 172, 73, 57, 7, 113, 243, 57, 252, 75, 232, 57, 245, 237, 83, 43, 193, 44, 87, 56, 99, 52, 16, 46, 64, 235, 203, 57, 59, 235, 203, 57, 111, 85, 238, 57, 245, 237, 83, 43, 190, 46, 72, 56, 227, 52, 115, 48, 117, 82, 186, 57, 110, 82, 186, 57, 252, 75, 232, 57, 245, 237, 83, 43, 253, 45, 111, 56, 178, 52, 134, 48, 96, 184, 92, 57, 105, 55, 5, 58, 111, 85, 238, 57, 245, 237, 83, 43, 130, 45, 48, 56, 140, 52, 161, 45, 12, 194, 255, 57, 119, 224, 83, 57, 6, 69, 43, 186, 107, 31, 16, 48, 193, 44, 87, 56, 47, 56, 0, 58, 160, 236, 22, 58, 105, 218, 49, 45, 7, 161, 173, 185, 107, 31, 16, 48, 190, 46, 72, 56, 27, 56, 79, 57, 155, 111, 11, 58, 102, 6, 103, 57, 7, 161, 173, 185, 107, 31, 16, 48, 253, 45, 111, 56, 51, 56, 84, 57, 73, 106, 10, 58, 93, 76, 41, 45, 6, 69, 43, 186, 107, 31, 16, 48, 130, 45, 48, 56, 25, 56, 251, 57, 205, 138, 47, 45, 165, 236, 22, 186, 7, 161, 173, 185, 24, 150, 50, 67, 193, 44, 87, 56, 169, 59, 6, 51, 224, 193, 111, 57, 212, 180, 16, 186, 132, 70, 43, 57, 24, 150, 50, 67, 190, 46, 72, 56, 196, 59, 7, 46, 101, 6, 103, 57, 151, 111, 11, 186, 7, 161, 173, 185, 24, 150, 50, 67, 253, 45, 111, 56, 194, 59, 25, 51, 166, 169, 63, 45, 11, 161, 28, 186, 132, 70, 43, 57, 24, 150, 50, 67, 130, 45, 48, 56, 170, 59, 223, 45, 196, 129, 221, 57, 194, 129, 221, 185, 132, 70, 43, 57, 80, 199, 38, 87, 193, 44, 87, 56, 196, 55, 74, 56, 56, 153, 24, 58, 92, 213, 124, 185, 156, 226, 212, 57, 80, 199, 38, 87, 190, 46, 72, 56, 254, 55, 142, 55, 215, 180, 16, 58, 226, 193, 111, 185, 132, 70, 43, 57, 80, 199, 38, 87, 253, 45, 111, 56, 254, 55, 72, 56, 56, 153, 24, 58, 92, 213, 124, 185, 156, 226, 212, 57, 80, 199, 39, 88, 190, 46, 72, 56, 254, 55, 142, 55, 196, 129, 221, 57, 194, 129, 221, 185, 132, 70, 43, 57, 80, 199, 39, 88, 193, 44, 87, 56, 196, 55, 74, 56, 108, 150, 233, 57, 107, 150, 233, 185, 156, 226, 212, 57, 80, 199, 39, 88, 130, 45, 48, 56, 193, 55, 145, 55, 96, 184, 92, 57, 105, 55, 5, 58, 111, 85, 238, 57, 23, 35, 93, 41, 65, 44, 191, 55, 86, 56, 79, 52, 108, 150, 233, 57, 107, 150, 233, 57, 156, 226, 212, 57, 23, 35, 93, 41, 62, 46, 160, 55, 228, 55, 217, 51, 64, 235, 203, 57, 59, 235, 203, 57, 111, 85, 238, 57, 23, 35, 93, 41, 125, 45, 239, 55, 17, 56, 135, 51, 108, 150, 233, 57, 107, 150, 233, 57, 156, 226, 212, 57, 23, 35, 92, 41, 62, 46, 160, 55, 228, 55, 217, 51, 96, 184, 92, 57, 105, 55, 5, 58, 111, 85, 238, 57, 23, 35, 92, 41, 65, 44, 191, 55, 86, 56, 79, 52, 88, 213, 124, 57, 50, 153, 24, 58, 156, 226, 212, 57, 23, 35, 92, 41, 2, 45, 112, 55, 66, 56, 140, 52, 101, 172, 73, 185, 16, 113, 243, 57, 252, 75, 232, 57, 50, 180, 147, 12, 193, 44, 87, 56, 52, 52, 85, 59, 110, 82, 186, 185, 123, 82, 186, 57, 185, 252, 252, 185, 50, 180, 147, 12, 190, 46, 72, 56, 0, 52, 199, 59, 110, 82, 186, 185, 123, 82, 186, 57, 252, 75, 232, 57, 50, 180, 147, 12, 253, 45, 111, 56, 0, 52, 85, 59, 101, 172, 73, 185, 16, 113, 243, 57, 185, 252, 252, 185, 50, 180, 147, 12, 130, 45, 48, 56, 52, 52, 199, 59, 117, 82, 186, 57, 110, 82, 186, 57, 252, 75, 232, 57, 237, 245, 58, 29, 193, 44, 87, 56, 178, 52, 134, 48, 109, 55, 5, 58, 98, 184, 92, 57, 111, 85, 238, 57, 237, 245, 58, 29, 190, 46, 72, 56, 227, 52, 55, 50, 15, 113, 243, 57, 114, 172, 73, 57, 252, 75, 232, 57, 237, 245, 58, 29, 253, 45, 111, 56, 178, 52, 36, 50, 64, 235, 203, 57, 59, 235, 203, 57, 111, 85, 238, 57, 237, 245, 58, 29, 130, 45, 48, 56, 227, 52, 115, 48, 73, 106, 10, 58, 93, 76, 41, 45, 6, 69, 43, 186, 107, 225, 4, 45, 193, 44, 87, 56, 25, 56, 251, 57, 155, 111, 11, 58, 103, 6, 103, 185, 7, 161, 173, 185, 107, 225, 4, 45, 190, 46, 72, 56, 254, 55, 78, 57, 160, 236, 22, 58, 105, 218, 49, 45, 7, 161, 173, 185, 107, 225, 4, 45, 253, 45, 111, 56, 27, 56, 79, 57, 155, 111, 11, 58, 103, 6, 103, 185, 7, 161, 173, 185, 107, 225, 5, 44, 190, 46, 72, 56, 254, 55, 78, 57, 73, 106, 10, 58, 93, 76, 41, 45, 6, 69, 43, 186, 107, 225, 5, 44, 193, 44, 87, 56, 25, 56, 251, 57, 12, 194, 255, 57, 120, 224, 83, 185, 6, 69, 43, 186, 107, 225, 5, 44, 130, 45, 48, 56, 254, 55, 250, 57, 101, 6, 103, 57, 150, 111, 11, 58, 7, 161, 173, 185, 24, 106, 208, 69, 193, 44, 87, 56, 198, 57, 78, 57, 116, 111, 174, 174, 8, 161, 28, 58, 132, 70, 43, 57, 24, 106, 208, 69, 190, 46, 72, 56, 227, 57, 74, 56, 125, 57, 169, 174, 162, 236, 22, 58, 7, 161, 173, 185, 24, 106, 208, 69, 253, 45, 111, 56, 226, 57, 79, 57, 224, 193, 111, 57, 210, 180, 16, 58, 132, 70, 43, 57, 24, 106, 208, 69, 130, 45, 48, 56, 198, 57, 72, 56, 189, 129, 221, 185, 203, 129, 221, 57, 132, 70, 43, 57, 176, 57, 218, 38, 193, 44, 87, 56, 112, 59, 74, 56, 55, 153, 24, 186, 98, 213, 124, 57, 156, 226, 212, 57, 176, 57, 218, 38, 190, 46, 72, 56, 141, 59, 142, 55, 214, 180, 16, 186, 233, 193, 111, 57, 132, 70, 43, 57, 176, 57, 218, 38, 253, 45, 111, 56, 141, 59, 72, 56, 55, 153, 24, 186, 98, 213, 124, 57, 156, 226, 212, 57, 176, 57, 217, 37, 190, 46, 72, 56, 141, 59, 142, 55, 189, 129, 221, 185, 203, 129, 221, 57, 132, 70, 43, 57, 176, 57, 217, 37, 193, 44, 87, 56, 112, 59, 74, 56, 102, 150, 233, 185, 116, 150, 233, 57, 156, 226, 212, 57, 176, 57, 217, 37, 130, 45, 48, 56, 110, 59, 145, 55, 64, 235, 203, 57, 59, 235, 203, 57, 111, 85, 238, 57, 35, 23, 69, 29, 65, 44, 191, 55, 17, 56, 135, 51, 56, 153, 24, 58, 89, 213, 124, 57, 156, 226, 212, 57, 35, 23, 69, 29, 62, 46, 160, 55, 142, 55, 55, 50, 109, 55, 5, 58, 98, 184, 92, 57, 111, 85, 238, 57, 35, 23, 69, 29, 125, 45, 239, 55, 214, 55, 26, 50, 56, 153, 24, 58, 89, 213, 124, 57, 156, 226, 212, 57, 35, 23, 68, 29, 62, 46, 160, 55, 142, 55, 55, 50, 64, 235, 203, 57, 59, 235, 203, 57, 111, 85, 238, 57, 35, 23, 68, 29, 65, 44, 191, 55, 17, 56, 135, 51, 108, 150, 233, 57, 107, 150, 233, 57, 156, 226, 212, 57, 35, 23, 68, 29, 2, 45, 112, 55, 228, 55, 217, 51, 203, 45, 219, 45, 233, 191, 3, 186, 252, 75, 232, 57, 236, 104, 120, 111, 193, 44, 87, 56, 0, 56, 199, 59, 103, 172, 73, 57, 9, 113, 243, 185, 185, 252, 252, 185, 236, 104, 120, 111, 190, 46, 72, 56, 30, 56, 85, 59, 103, 172, 73, 57, 9, 113, 243, 185, 252, 75, 232, 57, 236, 104, 120, 111, 253, 45, 111, 56, 30, 56, 199, 59, 203, 45, 219, 45, 233, 191, 3, 186, 185, 252, 252, 185, 236, 104, 120, 111, 130, 45, 48, 56, 0, 56, 85, 59, 15, 113, 243, 57, 114, 172, 73, 57, 252, 75, 232, 57, 233, 252, 32, 17, 193, 44, 87, 56, 178, 52, 36, 50, 66, 49, 16, 58, 165, 145, 21, 45, 111, 85, 238, 57, 233, 252, 32, 17, 190, 46, 72, 56, 140, 52, 217, 51, 228, 191, 3, 58, 211, 66, 25, 45, 252, 75, 232, 57, 233, 252, 32, 17, 253, 45, 111, 56, 99, 52, 162, 51, 66, 49, 16, 58, 165, 145, 21, 45, 111, 85, 238, 57, 233, 252, 30, 17, 190, 46, 72, 56, 140, 52, 217, 51, 15, 113, 243, 57, 114, 172, 73, 57, 252, 75, 232, 57, 233, 252, 30, 17, 193, 44, 87, 56, 178, 52, 36, 50, 109, 55, 5, 58, 98, 184, 92, 57, 111, 85, 238, 57, 233, 252, 30, 17, 130, 45, 48, 56, 227, 52, 55, 50, 12, 194, 255, 57, 120, 224, 83, 185, 6, 69, 43, 186, 80, 198, 248, 46, 193, 44, 87, 56, 254, 55, 250, 57, 115, 112, 213, 57, 114, 112, 213, 185, 7, 161, 173, 185, 80, 198, 248, 46, 190, 46, 72, 56, 198, 55, 79, 57, 155, 111, 11, 58, 103, 6, 103, 185, 7, 161, 173, 185, 80, 198, 248, 46, 253, 45, 111, 56, 254, 55, 78, 57, 115, 112, 213, 57, 114, 112, 213, 185, 7, 161, 173, 185, 80, 198, 247, 45, 190, 46, 72, 56, 198, 55, 79, 57, 12, 194, 255, 57, 120, 224, 83, 185, 6, 69, 43, 186, 80, 198, 247, 45, 193, 44, 87, 56, 254, 55, 250, 57, 167, 191, 195, 57, 166, 191, 195, 185, 6, 69, 43, 186, 80, 198, 247, 45, 130, 45, 48, 56, 203, 55, 251, 57, 154, 111, 11, 186, 110, 6, 103, 57, 7, 161, 173, 185, 150, 24, 244, 39, 193, 44, 87, 56, 141, 59, 78, 57, 7, 161, 28, 186, 152, 83, 61, 46, 132, 70, 43, 57, 150, 24, 244, 39, 190, 46, 72, 56, 170, 59, 74, 56, 161, 236, 22, 186, 225, 86, 57, 46, 7, 161, 173, 185, 150, 24, 244, 39, 253, 45, 111, 56, 169, 59, 79, 57, 214, 180, 16, 186, 233, 193, 111, 57, 132, 70, 43, 57, 150, 24, 244, 39, 130, 45, 48, 56, 141, 59, 72, 56, 224, 193, 111, 57, 212, 180, 16, 186, 132, 70, 43, 57, 57, 176, 55, 79, 193, 44, 87, 56, 148, 55, 79, 56, 108, 150, 233, 57, 107, 150, 233, 185, 156, 226, 212, 57, 57, 176, 55, 79, 190, 46, 72, 56, 193, 55, 145, 55, 196, 129, 221, 57, 194, 129, 221, 185, 132, 70, 43, 57, 57, 176, 55, 79, 253, 45, 111, 56, 196, 55, 74, 56, 108, 150, 233, 57, 107, 150, 233, 185, 156, 226, 212, 57, 57, 176, 56, 79, 190, 46, 72, 56, 193, 55, 145, 55, 224, 193, 111, 57, 212, 180, 16, 186, 132, 70, 43, 57, 57, 176, 56, 79, 193, 44, 87, 56, 148, 55, 79, 56, 88, 213, 124, 57, 53, 153, 24, 186, 156, 226, 212, 57, 57, 176, 56, 79, 130, 45, 48, 56, 142, 55, 156, 55, 109, 55, 5, 58, 98, 184, 92, 57, 111, 85, 238, 57, 44, 8, 46, 17, 65, 44, 191, 55, 214, 55, 26, 50, 221, 43, 37, 58, 100, 167, 53, 45, 156, 226, 212, 57, 44, 8, 46, 17, 62, 46, 160, 55, 142, 55, 115, 48, 66, 49, 16, 58, 165, 145, 21, 45, 111, 85, 238, 57, 44, 8, 46, 17, 125, 45, 239, 55, 214, 55, 143, 48, 221, 43, 37, 58, 100, 167, 53, 45, 156, 226, 212, 57, 44, 8, 44, 17, 62, 46, 160, 55, 142, 55, 115, 48, 109, 55, 5, 58, 98, 184, 92, 57, 111, 85, 238, 57, 44, 8, 44, 17, 65, 44, 191, 55, 214, 55, 26, 50, 56, 153, 24, 58, 89, 213, 124, 57, 156, 226, 212, 57, 44, 8, 44, 17, 2, 45, 112, 55, 142, 55, 55, 50, 106, 172, 73, 57, 7, 113, 243, 57, 252, 75, 232, 57, 236, 152, 136, 111, 193, 44, 87, 56, 175, 52, 85, 59, 225, 96, 101, 175, 232, 191, 3, 58, 185, 252, 252, 185, 236, 152, 136, 111, 190, 46, 72, 56, 113, 52, 199, 59, 225, 96, 101, 175, 232, 191, 3, 58, 252, 75, 232, 57, 236, 152, 136, 111, 253, 45, 111, 56, 113, 52, 85, 59, 106, 172, 73, 57, 7, 113, 243, 57, 185, 252, 252, 185, 236, 152, 136, 111, 130, 45, 48, 56, 175, 52, 199, 59, 228, 191, 3, 58, 211, 66, 25, 45, 252, 75, 232, 57, 233, 4, 251, 5, 193, 44, 87, 56, 99, 52, 162, 51, 109, 55, 5, 58, 101, 184, 92, 185, 111, 85, 238, 57, 233, 4, 251, 5, 190, 46, 72, 56, 217, 51, 140, 52, 15, 113, 243, 57, 114, 172, 73, 185, 252, 75, 232, 57, 233, 4, 251, 5, 253, 45, 111, 56, 162, 51, 99, 52, 109, 55, 5, 58, 101, 184, 92, 185, 111, 85, 238, 57, 233, 4, 250, 5, 190, 46, 72, 56, 217, 51, 140, 52, 228, 191, 3, 58, 211, 66, 25, 45, 252, 75, 232, 57, 233, 4, 250, 5, 193, 44, 87, 56, 99, 52, 162, 51, 66, 49, 16, 58, 165, 145, 21, 45, 111, 85, 238, 57, 233, 4, 250, 5, 130, 45, 48, 56, 140, 52, 217, 51, 167, 191, 195, 57, 166, 191, 195, 185, 6, 69, 43, 186, 58, 176, 237, 49, 193, 44, 87, 56, 203, 55, 251, 57, 101, 6, 103, 57, 151, 111, 11, 186, 7, 161, 173, 185, 58, 176, 237, 49, 190, 46, 72, 56, 151, 55, 84, 57, 115, 112, 213, 57, 114, 112, 213, 185, 7, 161, 173, 185, 58, 176, 237, 49, 253, 45, 111, 56, 198, 55, 79, 57, 101, 6, 103, 57, 151, 111, 11, 186, 7, 161, 173, 185, 58, 176, 235, 49, 190, 46, 72, 56, 151, 55, 84, 57, 167, 191, 195, 57, 166, 191, 195, 185, 6, 69, 43, 186, 58, 176, 235, 49, 193, 44, 87, 56, 203, 55, 251, 57, 117, 224, 83, 57, 7, 194, 255, 185, 6, 69, 43, 186, 58, 176, 235, 49, 130, 45, 48, 56, 160, 55, 0, 58, 115, 112, 213, 57, 114, 112, 213, 185, 7, 161, 173, 185, 76, 204, 28, 82, 193, 44, 87, 56, 198, 55, 79, 57, 215, 180, 16, 58, 226, 193, 111, 185, 132, 70, 43, 57, 76, 204, 28, 82, 190, 46, 72, 56, 254, 55, 72, 56, 155, 111, 11, 58, 103, 6, 103, 185, 7, 161, 173, 185, 76, 204, 28, 82, 253, 45, 111, 56, 254, 55, 78, 57, 196, 129, 221, 57, 194, 129, 221, 185, 132, 70, 43, 57, 76, 204, 28, 82, 130, 45, 48, 56, 196, 55, 74, 56, 217, 193, 111, 185, 215, 180, 16, 58, 132, 70, 43, 57, 199, 80, 201, 47, 193, 44, 87, 56, 88, 59, 79, 56, 102, 150, 233, 185, 116, 150, 233, 57, 156, 226, 212, 57, 199, 80, 201, 47, 190, 46, 72, 56, 110, 59, 145, 55, 189, 129, 221, 185, 203, 129, 221, 57, 132, 70, 43, 57, 199, 80, 201, 47, 253, 45, 111, 56, 112, 59, 74, 56, 102, 150, 233, 185, 116, 150, 233, 57, 156, 226, 212, 57, 199, 80, 200, 47, 190, 46, 72, 56, 110, 59, 145, 55, 217, 193, 111, 185, 215, 180, 16, 58, 132, 70, 43, 57, 199, 80, 200, 47, 193, 44, 87, 56, 88, 59, 79, 56, 82, 213, 124, 185, 56, 153, 24, 58, 156, 226, 212, 57, 199, 80, 200, 47, 130, 45, 48, 56, 85, 59, 156, 55, 66, 49, 16, 58, 165, 145, 21, 45, 111, 85, 238, 57, 44, 248, 16, 1, 65, 44, 191, 55, 214, 55, 143, 48, 56, 153, 24, 58, 92, 213, 124, 185, 156, 226, 212, 57, 44, 248, 16, 1, 62, 46, 160, 55, 228, 55, 161, 45, 109, 55, 5, 58, 101, 184, 92, 185, 111, 85, 238, 57, 44, 248, 16, 1, 125, 45, 239, 55, 17, 56, 69, 46, 56, 153, 24, 58, 92, 213, 124, 185, 156, 226, 212, 57, 44, 248, 14, 1, 62, 46, 160, 55, 228, 55, 161, 45, 66, 49, 16, 58, 165, 145, 21, 45, 111, 85, 238, 57, 44, 248, 14, 1, 65, 44, 191, 55, 214, 55, 143, 48, 221, 43, 37, 58, 100, 167, 53, 45, 156, 226, 212, 57, 44, 248, 14, 1, 2, 45, 112, 55, 142, 55, 115, 48, 225, 96, 101, 175, 232, 191, 3, 58, 252, 75, 232, 57, 20, 152, 136, 15, 193, 44, 87, 56, 113, 52, 85, 59, 101, 172, 73, 185, 16, 113, 243, 57, 185, 252, 252, 185, 20, 152, 136, 15, 190, 46, 72, 56, 52, 52, 199, 59, 101, 172, 73, 185, 16, 113, 243, 57, 252, 75, 232, 57, 20, 152, 136, 15, 253, 45, 111, 56, 52, 52, 85, 59, 225, 96, 101, 175, 232, 191, 3, 58, 185, 252, 252, 185, 20, 152, 136, 15, 130, 45, 48, 56, 113, 52, 199, 59, 15, 113, 243, 57, 114, 172, 73, 185, 252, 75, 232, 57, 237, 11, 217, 21, 193, 44, 87, 56, 162, 51, 99, 52, 62, 235, 203, 57, 59, 235, 203, 185, 111, 85, 238, 57, 237, 11, 217, 21, 190, 46, 72, 56, 55, 50, 227, 52, 117, 82, 186, 57, 110, 82, 186, 185, 252, 75, 232, 57, 237, 11, 217, 21, 253, 45, 111, 56, 36, 50, 178, 52, 109, 55, 5, 58, 101, 184, 92, 185, 111, 85, 238, 57, 237, 11, 217, 21, 130, 45, 48, 56, 217, 51, 140, 52, 117, 224, 83, 57, 7, 194, 255, 185, 6, 69, 43, 186, 31, 149, 228, 54, 193, 44, 87, 56, 189, 59, 227, 52, 205, 138, 47, 45, 165, 236, 22, 186, 7, 161, 173, 185, 31, 149, 228, 54, 190, 46, 72, 56, 169, 59, 6, 51, 101, 6, 103, 57, 151, 111, 11, 186, 7, 161, 173, 185, 31, 149, 228, 54, 253, 45, 111, 56, 194, 59, 25, 51, 205, 138, 47, 45, 165, 236, 22, 186, 7, 161, 173, 185, 31, 149, 226, 54, 190, 46, 72, 56, 169, 59, 6, 51, 117, 224, 83, 57, 7, 194, 255, 185, 6, 69, 43, 186, 31, 149, 226, 54, 193, 44, 87, 56, 189, 59, 227, 52, 102, 182, 68, 45, 77, 106, 10, 186, 6, 69, 43, 186, 31, 149, 226, 54, 130, 45, 48, 56, 167, 59, 218, 52, 154, 111, 11, 186, 103, 6, 103, 185, 7, 161, 173, 185, 180, 204, 23, 43, 193, 44, 87, 56, 90, 59, 25, 51, 201, 129, 221, 185, 203, 129, 221, 185, 132, 70, 43, 57, 180, 204, 23, 43, 190, 46, 72, 56, 112, 59, 223, 45, 120, 112, 213, 185, 123, 112, 213, 185, 7, 161, 173, 185, 180, 204, 23, 43, 253, 45, 111, 56, 113, 59, 6, 51, 201, 129, 221, 185, 203, 129, 221, 185, 132, 70, 43, 57, 180, 204, 24, 42, 190, 46, 72, 56, 112, 59, 223, 45, 154, 111, 11, 186, 103, 6, 103, 185, 7, 161, 173, 185, 180, 204, 24, 42, 193, 44, 87, 56, 90, 59, 25, 51, 214, 180, 16, 186, 226, 193, 111, 185, 132, 70, 43, 57, 180, 204, 24, 42, 130, 45, 48, 56, 88, 59, 7, 46, 166, 169, 63, 45, 11, 161, 28, 186, 132, 70, 43, 57, 31, 149, 72, 67, 193, 44, 87, 56, 170, 59, 223, 45, 88, 213, 124, 57, 53, 153, 24, 186, 156, 226, 212, 57, 31, 149, 72, 67, 190, 46, 72, 56, 199, 59, 253, 39, 224, 193, 111, 57, 212, 180, 16, 186, 132, 70, 43, 57, 31, 149, 72, 67, 253, 45, 111, 56, 196, 59, 7, 46, 88, 213, 124, 57, 53, 153, 24, 186, 156, 226, 212, 57, 31, 149, 73, 67, 190, 46, 72, 56, 199, 59, 253, 39, 166, 169, 63, 45, 11, 161, 28, 186, 132, 70, 43, 57, 31, 149, 73, 67, 193, 44, 87, 56, 170, 59, 223, 45, 201, 79, 77, 45, 226, 43, 37, 186, 156, 226, 212, 57, 31, 149, 73, 67, 130, 45, 48, 56, 172, 59, 87, 39, 109, 55, 5, 58, 101, 184, 92, 185, 111, 85, 238, 57, 35, 233, 212, 16, 65, 44, 191, 55, 17, 56, 69, 46, 108, 150, 233, 57, 107, 150, 233, 185, 156, 226, 212, 57, 35, 233, 212, 16, 62, 46, 160, 55, 66, 56, 67, 42, 62, 235, 203, 57, 59, 235, 203, 185, 111, 85, 238, 57, 35, 233, 212, 16, 125, 45, 239, 55, 86, 56, 22, 44, 56, 153, 24, 58, 92, 213, 124, 185, 156, 226, 212, 57, 35, 233, 212, 16, 2, 45, 112, 55, 228, 55, 161, 45, 106, 172, 73, 185, 7, 113, 243, 185, 252, 75, 232, 57, 20, 104, 120, 15, 193, 44, 87, 56, 194, 55, 199, 59, 203, 45, 219, 45, 233, 191, 3, 186, 185, 252, 252, 185, 20, 104, 120, 15, 190, 46, 72, 56, 0, 56, 85, 59, 203, 45, 219, 45, 233, 191, 3, 186, 252, 75, 232, 57, 20, 104, 120, 15, 253, 45, 111, 56, 0, 56, 199, 59, 106, 172, 73, 185, 7, 113, 243, 185, 185, 252, 252, 185, 20, 104, 120, 15, 130, 45, 48, 56, 194, 55, 85, 59, 117, 82, 186, 57, 110, 82, 186, 185, 252, 75, 232, 57, 245, 19, 191, 34, 193, 44, 87, 56, 36, 50, 178, 52, 96, 184, 92, 57, 105, 55, 5, 186, 111, 85, 238, 57, 245, 19, 191, 34, 190, 46, 72, 56, 115, 48, 227, 52, 103, 172, 73, 57, 9, 113, 243, 185, 252, 75, 232, 57, 245, 19, 191, 34, 253, 45, 111, 56, 134, 48, 178, 52, 62, 235, 203, 57, 59, 235, 203, 185, 111, 85, 238, 57, 245, 19, 191, 34, 130, 45, 48, 56, 55, 50, 227, 52, 102, 182, 68, 45, 77, 106, 10, 186, 6, 69, 43, 186, 225, 149, 221, 60, 193, 44, 87, 56, 167, 59, 218, 52, 94, 6, 103, 185, 151, 111, 11, 186, 7, 161, 173, 185, 225, 149, 221, 60, 190, 46, 72, 56, 141, 59, 0, 51, 205, 138, 47, 45, 165, 236, 22, 186, 7, 161, 173, 185, 225, 149, 221, 60, 253, 45, 111, 56, 169, 59, 6, 51, 94, 6, 103, 185, 151, 111, 11, 186, 7, 161, 173, 185, 225, 149, 219, 60, 190, 46, 72, 56, 141, 59, 0, 51, 102, 182, 68, 45, 77, 106, 10, 186, 6, 69, 43, 186, 225, 149, 219, 60, 193, 44, 87, 56, 167, 59, 218, 52, 112, 224, 83, 185, 7, 194, 255, 185, 6, 69, 43, 186, 225, 149, 219, 60, 130, 45, 48, 56, 141, 59, 215, 52, 125, 57, 169, 174, 162, 236, 22, 58, 7, 161, 173, 185, 232, 106, 205, 59, 193, 44, 87, 56, 226, 57, 79, 57, 217, 193, 111, 185, 215, 180, 16, 58, 132, 70, 43, 57, 232, 106, 205, 59, 190, 46, 72, 56, 253, 57, 79, 56, 94, 6, 103, 185, 156, 111, 11, 58, 7, 161, 173, 185, 232, 106, 205, 59, 253, 45, 111, 56, 251, 57, 84, 57, 116, 111, 174, 174, 8, 161, 28, 58, 132, 70, 43, 57, 232, 106, 205, 59, 130, 45, 48, 56, 227, 57, 74, 56, 224, 193, 111, 57, 210, 180, 16, 58, 132, 70, 43, 57, 31, 107, 191, 72, 193, 44, 87, 56, 198, 57, 72, 56, 160, 140, 183, 174, 224, 43, 37, 58, 156, 226, 212, 57, 31, 107, 191, 72, 190, 46, 72, 56, 229, 57, 145, 55, 116, 111, 174, 174, 8, 161, 28, 58, 132, 70, 43, 57, 31, 107, 191, 72, 253, 45, 111, 56, 227, 57, 74, 56, 160, 140, 183, 174, 224, 43, 37, 58, 156, 226, 212, 57, 31, 107, 190, 72, 190, 46, 72, 56, 229, 57, 145, 55, 224, 193, 111, 57, 210, 180, 16, 58, 132, 70, 43, 57, 31, 107, 190, 72, 193, 44, 87, 56, 198, 57, 72, 56, 88, 213, 124, 57, 50, 153, 24, 58, 156, 226, 212, 57, 31, 107, 190, 72, 130, 45, 48, 56, 198, 57, 142, 55, 62, 235, 203, 57, 59, 235, 203, 185, 111, 85, 238, 57, 23, 221, 189, 28, 65, 44, 191, 55, 86, 56, 22, 44, 88, 213, 124, 57, 53, 153, 24, 186, 156, 226, 212, 57, 23, 221, 189, 28, 62, 46, 160, 55, 170, 56, 28, 39, 96, 184, 92, 57, 105, 55, 5, 186, 111, 85, 238, 57, 23, 221, 189, 28, 125, 45, 239, 55, 178, 56, 208, 41, 88, 213, 124, 57, 53, 153, 24, 186, 156, 226, 212, 57, 23, 221, 188, 29, 62, 46, 160, 55, 170, 56, 28, 39, 62, 235, 203, 57, 59, 235, 203, 185, 111, 85, 238, 57, 23, 221, 188, 29, 65, 44, 191, 55, 86, 56, 22, 44, 108, 150, 233, 57, 107, 150, 233, 185, 156, 226, 212, 57, 23, 221, 188, 29, 2, 45, 112, 55, 66, 56, 67, 42, 117, 82, 186, 57, 110, 82, 186, 57, 252, 75, 232, 57, 206, 180, 147, 114, 193, 44, 87, 56, 227, 52, 85, 59, 106, 172, 73, 57, 7, 113, 243, 57, 185, 252, 252, 185, 206, 180, 147, 114, 190, 46, 72, 56, 175, 52, 199, 59, 106, 172, 73, 57, 7, 113, 243, 57, 252, 75, 232, 57, 206, 180, 147, 114, 253, 45, 111, 56, 175, 52, 85, 59, 117, 82, 186, 57, 110, 82, 186, 57, 185, 252, 252, 185, 206, 180, 147, 114, 130, 45, 48, 56, 227, 52, 199, 59, 103, 172, 73, 57, 9, 113, 243, 185, 252, 75, 232, 57, 252, 23, 165, 47, 193, 44, 87, 56, 134, 48, 178, 52, 135, 23, 120, 45, 71, 49, 16, 186, 111, 85, 238, 57, 252, 23, 165, 47, 190, 46, 72, 56, 161, 45, 140, 52, 203, 45, 219, 45, 233, 191, 3, 186, 252, 75, 232, 57, 252, 23, 165, 47, 253, 45, 111, 56, 16, 46, 99, 52, 135, 23, 120, 45, 71, 49, 16, 186, 111, 85, 238, 57, 252, 23, 164, 47, 190, 46, 72, 56, 161, 45, 140, 52, 103, 172, 73, 57, 9, 113, 243, 185, 252, 75, 232, 57, 252, 23, 164, 47, 193, 44, 87, 56, 134, 48, 178, 52, 96, 184, 92, 57, 105, 55, 5, 186, 111, 85, 238, 57, 252, 23, 164, 47, 130, 45, 48, 56, 115, 48, 227, 52, 112, 224, 83, 185, 7, 194, 255, 185, 6, 69, 43, 186, 198, 176, 222, 67, 193, 44, 87, 56, 141, 59, 215, 52, 120, 112, 213, 185, 123, 112, 213, 185, 7, 161, 173, 185, 198, 176, 222, 67, 190, 46, 72, 56, 113, 59, 6, 51, 94, 6, 103, 185, 151, 111, 11, 186, 7, 161, 173, 185, 198, 176, 222, 67, 253, 45, 111, 56, 141, 59, 0, 51, 120, 112, 213, 185, 123, 112, 213, 185, 7, 161, 173, 185, 198, 176, 221, 68, 190, 46, 72, 56, 113, 59, 6, 51, 112, 224, 83, 185, 7, 194, 255, 185, 6, 69, 43, 186, 198, 176, 221, 68, 193, 44, 87, 56, 141, 59, 215, 52, 171, 191, 195, 185, 174, 191, 195, 185, 6, 69, 43, 186, 198, 176, 221, 68, 130, 45, 48, 56, 116, 59, 218, 52, 160, 236, 22, 58, 105, 218, 49, 45, 7, 161, 173, 185, 106, 24, 249, 89, 193, 44, 87, 56, 27, 56, 79, 57, 215, 180, 16, 58, 225, 193, 111, 57, 132, 70, 43, 57, 106, 24, 249, 89, 190, 46, 72, 56, 53, 56, 79, 56, 155, 111, 11, 58, 102, 6, 103, 57, 7, 161, 173, 185, 106, 24, 249, 89, 253, 45, 111, 56, 51, 56, 84, 57, 6, 161, 28, 58, 142, 128, 44, 45, 132, 70, 43, 57, 106, 24, 249, 89, 130, 45, 48, 56, 28, 56, 74, 56, 116, 111, 174, 174, 8, 161, 28, 58, 132, 70, 43, 57, 225, 107, 184, 59, 193, 44, 87, 56, 227, 57, 74, 56, 82, 213, 124, 185, 56, 153, 24, 58, 156, 226, 212, 57, 225, 107, 184, 59, 190, 46, 72, 56, 0, 58, 156, 55, 217, 193, 111, 185, 215, 180, 16, 58, 132, 70, 43, 57, 225, 107, 184, 59, 253, 45, 111, 56, 253, 57, 79, 56, 82, 213, 124, 185, 56, 153, 24, 58, 156, 226, 212, 57, 225, 107, 184, 59, 190, 46, 72, 56, 0, 58, 156, 55, 116, 111, 174, 174, 8, 161, 28, 58, 132, 70, 43, 57, 225, 107, 184, 59, 193, 44, 87, 56, 227, 57, 74, 56, 160, 140, 183, 174, 224, 43, 37, 58, 156, 226, 212, 57, 225, 107, 184, 59, 130, 45, 48, 56, 229, 57, 145, 55, 96, 184, 92, 57, 105, 55, 5, 186, 111, 85, 238, 57, 8, 212, 165, 40, 65, 44, 191, 55, 178, 56, 208, 41, 201, 79, 77, 45, 226, 43, 37, 186, 156, 226, 212, 57, 8, 212, 165, 40, 62, 46, 160, 55, 28, 57, 28, 39, 135, 23, 120, 45, 71, 49, 16, 186, 111, 85, 238, 57, 8, 212, 165, 40, 125, 45, 239, 55, 20, 57, 208, 41, 88, 213, 124, 57, 53, 153, 24, 186, 156, 226, 212, 57, 8, 212, 165, 40, 2, 45, 112, 55, 170, 56, 28, 39, 123, 82, 186, 185, 123, 82, 186, 185, 252, 75, 232, 57, 50, 76, 109, 12, 193, 44, 87, 56, 142, 55, 199, 59, 106, 172, 73, 185, 7, 113, 243, 185, 185, 252, 252, 185, 50, 76, 109, 12, 190, 46, 72, 56, 194, 55, 85, 59, 106, 172, 73, 185, 7, 113, 243, 185, 252, 75, 232, 57, 50, 76, 109, 12, 253, 45, 111, 56, 194, 55, 199, 59, 123, 82, 186, 185, 123, 82, 186, 185, 185, 252, 252, 185, 50, 76, 109, 12, 130, 45, 48, 56, 142, 55, 85, 59, 203, 45, 219, 45, 233, 191, 3, 186, 252, 75, 232, 57, 4, 23, 140, 66, 193, 44, 87, 56, 16, 46, 99, 52, 92, 184, 92, 185, 105, 55, 5, 186, 111, 85, 238, 57, 4, 23, 140, 66, 190, 46, 72, 56, 67, 42, 217, 51, 106, 172, 73, 185, 7, 113, 243, 185, 252, 75, 232, 57, 4, 23, 140, 66, 253, 45, 111, 56, 144, 43, 162, 51, 92, 184, 92, 185, 105, 55, 5, 186, 111, 85, 238, 57, 4, 23, 140, 67, 190, 46, 72, 56, 67, 42, 217, 51, 203, 45, 219, 45, 233, 191, 3, 186, 252, 75, 232, 57, 4, 23, 140, 67, 193, 44, 87, 56, 16, 46, 99, 52, 135, 23, 120, 45, 71, 49, 16, 186, 111, 85, 238, 57, 4, 23, 140, 67, 130, 45, 48, 56, 161, 45, 140, 52, 171, 191, 195, 185, 174, 191, 195, 185, 6, 69, 43, 186, 176, 198, 229, 73, 193, 44, 87, 56, 116, 59, 218, 52, 154, 111, 11, 186, 103, 6, 103, 185, 7, 161, 173, 185, 176, 198, 229, 73, 190, 46, 72, 56, 90, 59, 25, 51, 120, 112, 213, 185, 123, 112, 213, 185, 7, 161, 173, 185, 176, 198, 229, 73, 253, 45, 111, 56, 113, 59, 6, 51, 154, 111, 11, 186, 103, 6, 103, 185, 7, 161, 173, 185, 176, 198, 229, 74, 190, 46, 72, 56, 90, 59, 25, 51, 171, 191, 195, 185, 174, 191, 195, 185, 6, 69, 43, 186, 176, 198, 229, 74, 193, 44, 87, 56, 116, 59, 218, 52, 11, 194, 255, 185, 120, 224, 83, 185, 6, 69, 43, 186, 176, 198, 229, 74, 130, 45, 48, 56, 94, 59, 227, 52, 94, 6, 103, 185, 151, 111, 11, 186, 7, 161, 173, 185, 232, 150, 47, 57, 193, 44, 87, 56, 141, 59, 0, 51, 166, 169, 63, 45, 11, 161, 28, 186, 132, 70, 43, 57, 232, 150, 47, 57, 190, 46, 72, 56, 170, 59, 223, 45, 205, 138, 47, 45, 165, 236, 22, 186, 7, 161, 173, 185, 232, 150, 47, 57, 253, 45, 111, 56, 169, 59, 6, 51, 217, 193, 111, 185, 212, 180, 16, 186, 132, 70, 43, 57, 232, 150, 47, 57, 130, 45, 48, 56, 141, 59, 209, 45, 217, 193, 111, 185, 212, 180, 16, 186, 132, 70, 43, 57, 225, 149, 65, 54, 193, 44, 87, 56, 141, 59, 209, 45, 201, 79, 77, 45, 226, 43, 37, 186, 156, 226, 212, 57, 225, 149, 65, 54, 190, 46, 72, 56, 172, 59, 87, 39, 166, 169, 63, 45, 11, 161, 28, 186, 132, 70, 43, 57, 225, 149, 65, 54, 253, 45, 111, 56, 170, 59, 223, 45, 201, 79, 77, 45, 226, 43, 37, 186, 156, 226, 212, 57, 225, 149, 66, 54, 190, 46, 72, 56, 172, 59, 87, 39, 217, 193, 111, 185, 212, 180, 16, 186, 132, 70, 43, 57, 225, 149, 66, 54, 193, 44, 87, 56, 141, 59, 209, 45, 82, 213, 124, 185, 53, 153, 24, 186, 156, 226, 212, 57, 225, 149, 66, 54, 130, 45, 48, 56, 141, 59, 28, 39, 135, 23, 120, 45, 71, 49, 16, 186, 111, 85, 238, 57, 248, 212, 132, 55, 65, 44, 191, 55, 20, 57, 208, 41, 82, 213, 124, 185, 53, 153, 24, 186, 156, 226, 212, 57, 248, 212, 132, 55, 62, 46, 160, 55, 132, 57, 67, 42, 92, 184, 92, 185, 105, 55, 5, 186, 111, 85, 238, 57, 248, 212, 132, 55, 125, 45, 239, 55, 112, 57, 22, 44, 82, 213, 124, 185, 53, 153, 24, 186, 156, 226, 212, 57, 248, 212, 131, 56, 62, 46, 160, 55, 132, 57, 67, 42, 135, 23, 120, 45, 71, 49, 16, 186, 111, 85, 238, 57, 248, 212, 131, 56, 65, 44, 191, 55, 20, 57, 208, 41, 201, 79, 77, 45, 226, 43, 37, 186, 156, 226, 212, 57, 248, 212, 131, 56, 2, 45, 112, 55, 28, 57, 28, 39, 15, 113, 243, 57, 114, 172, 73, 57, 252, 75, 232, 57, 180, 206, 154, 118, 193, 44, 87, 56, 47, 41, 85, 59, 117, 82, 186, 57, 110, 82, 186, 57, 185, 252, 252, 185, 180, 206, 154, 118, 190, 46, 72, 56, 28, 39, 199, 59, 117, 82, 186, 57, 110, 82, 186, 57, 252, 75, 232, 57, 180, 206, 154, 118, 253, 45, 111, 56, 28, 39, 85, 59, 15, 113, 243, 57, 114, 172, 73, 57, 185, 252, 252, 185, 180, 206, 154, 118, 130, 45, 48, 56, 47, 41, 199, 59, 106, 172, 73, 185, 7, 113, 243, 185, 252, 75, 232, 57, 11, 19, 173, 83, 193, 44, 87, 56, 144, 43, 162, 51, 66, 235, 203, 185, 69, 235, 203, 185, 111, 85, 238, 57, 11, 19, 173, 83, 190, 46, 72, 56, 28, 39, 55, 50, 123, 82, 186, 185, 123, 82, 186, 185, 252, 75, 232, 57, 11, 19, 173, 83, 253, 45, 111, 56, 22, 41, 36, 50, 92, 184, 92, 185, 105, 55, 5, 186, 111, 85, 238, 57, 11, 19, 173, 83, 130, 45, 48, 56, 67, 42, 217, 51, 11, 194, 255, 185, 120, 224, 83, 185, 6, 69, 43, 186, 149, 225, 239, 78, 193, 44, 87, 56, 189, 59, 0, 58, 161, 236, 22, 186, 225, 86, 57, 46, 7, 161, 173, 185, 149, 225, 239, 78, 190, 46, 72, 56, 169, 59, 79, 57, 154, 111, 11, 186, 103, 6, 103, 185, 7, 161, 173, 185, 149, 225, 239, 78, 253, 45, 111, 56, 194, 59, 84, 57, 73, 106, 10, 186, 60, 134, 43, 46, 6, 69, 43, 186, 149, 225, 239, 78, 130, 45, 48, 56, 167, 59, 251, 57, 108, 112, 213, 185, 123, 112, 213, 57, 7, 161, 173, 185, 180, 52, 228, 44, 193, 44, 87, 56, 113, 59, 79, 57, 214, 180, 16, 186, 233, 193, 111, 57, 132, 70, 43, 57, 180, 52, 228, 44, 190, 46, 72, 56, 141, 59, 72, 56, 154, 111, 11, 186, 110, 6, 103, 57, 7, 161, 173, 185, 180, 52, 228, 44, 253, 45, 111, 56, 141, 59, 78, 57, 189, 129, 221, 185, 203, 129, 221, 57, 132, 70, 43, 57, 180, 52, 228, 44, 130, 45, 48, 56, 112, 59, 74, 56, 196, 129, 221, 57, 194, 129, 221, 57, 132, 70, 43, 57, 57, 80, 208, 82, 193, 44, 87, 56, 169, 57, 74, 56, 88, 213, 124, 57, 50, 153, 24, 58, 156, 226, 212, 57, 57, 80, 208, 82, 190, 46, 72, 56, 198, 57, 142, 55, 224, 193, 111, 57, 210, 180, 16, 58, 132, 70, 43, 57, 57, 80, 208, 82, 253, 45, 111, 56, 198, 57, 72, 56, 88, 213, 124, 57, 50, 153, 24, 58, 156, 226, 212, 57, 57, 80, 207, 83, 190, 46, 72, 56, 198, 57, 142, 55, 196, 129, 221, 57, 194, 129, 221, 57, 132, 70, 43, 57, 57, 80, 207, 83, 193, 44, 87, 56, 169, 57, 74, 56, 108, 150, 233, 57, 107, 150, 233, 57, 156, 226, 212, 57, 57, 80, 207, 83, 130, 45, 48, 56, 167, 57, 145, 55, 92, 184, 92, 185, 105, 55, 5, 186, 111, 85, 238, 57, 233, 221, 162, 85, 65, 44, 191, 55, 112, 57, 22, 44, 114, 150, 233, 185, 116, 150, 233, 185, 156, 226, 212, 57, 233, 221, 162, 85, 62, 46, 160, 55, 212, 57, 161, 45, 66, 235, 203, 185, 69, 235, 203, 185, 111, 85, 238, 57, 233, 221, 162, 85, 125, 45, 239, 55, 182, 57, 69, 46, 114, 150, 233, 185, 116, 150, 233, 185, 156, 226, 212, 57, 233, 221, 163, 85, 62, 46, 160, 55, 212, 57, 161, 45, 92, 184, 92, 185, 105, 55, 5, 186, 111, 85, 238, 57, 233, 221, 163, 85, 65, 44, 191, 55, 112, 57, 22, 44, 82, 213, 124, 185, 53, 153, 24, 186, 156, 226, 212, 57, 233, 221, 163, 85, 2, 45, 112, 55, 132, 57, 67, 42, 12, 113, 243, 185, 120, 172, 73, 185, 252, 75, 232, 57, 76, 50, 101, 8, 193, 44, 87, 56, 229, 57, 199, 59, 123, 82, 186, 185, 123, 82, 186, 185, 185, 252, 252, 185, 76, 50, 101, 8, 190, 46, 72, 56, 0, 58, 85, 59, 123, 82, 186, 185, 123, 82, 186, 185, 252, 75, 232, 57, 76, 50, 101, 8, 253, 45, 111, 56, 0, 58, 199, 59, 12, 113, 243, 185, 120, 172, 73, 185, 185, 252, 252, 185, 76, 50, 101, 8, 130, 45, 48, 56, 229, 57, 85, 59, 123, 82, 186, 185, 123, 82, 186, 185, 252, 75, 232, 57, 19, 11, 198, 96, 193, 44, 87, 56, 22, 41, 36, 50, 108, 55, 5, 186, 103, 184, 92, 185, 111, 85, 238, 57, 19, 11, 198, 96, 190, 46, 72, 56, 28, 39, 115, 48, 12, 113, 243, 185, 120, 172, 73, 185, 252, 75, 232, 57, 19, 11, 198, 96, 253, 45, 111, 56, 22, 41, 134, 48, 66, 235, 203, 185, 69, 235, 203, 185, 111, 85, 238, 57, 19, 11, 198, 96, 130, 45, 48, 56, 28, 39, 55, 50, 73, 106, 10, 186, 60, 134, 43, 46, 6, 69, 43, 186, 149, 31, 251, 81, 193, 44, 87, 56, 167, 59, 251, 57, 154, 111, 11, 186, 110, 6, 103, 57, 7, 161, 173, 185, 149, 31, 251, 81, 190, 46, 72, 56, 141, 59, 78, 57, 161, 236, 22, 186, 225, 86, 57, 46, 7, 161, 173, 185, 149, 31, 251, 81, 253, 45, 111, 56, 169, 59, 79, 57, 154, 111, 11, 186, 110, 6, 103, 57, 7, 161, 173, 185, 149, 31, 252, 82, 190, 46, 72, 56, 141, 59, 78, 57, 73, 106, 10, 186, 60, 134, 43, 46, 6, 69, 43, 186, 149, 31, 252, 82, 193, 44, 87, 56, 167, 59, 251, 57, 11, 194, 255, 185, 125, 224, 83, 57, 6, 69, 43, 186, 149, 31, 252, 82, 130, 45, 48, 56, 141, 59, 250, 57, 115, 112, 213, 57, 114, 112, 213, 57, 7, 161, 173, 185, 52, 76, 219, 77, 193, 44, 87, 56, 170, 57, 79, 57, 224, 193, 111, 57, 210, 180, 16, 58, 132, 70, 43, 57, 52, 76, 219, 77, 190, 46, 72, 56, 198, 57, 72, 56, 101, 6, 103, 57, 150, 111, 11, 58, 7, 161, 173, 185, 52, 76, 219, 77, 253, 45, 111, 56, 198, 57, 78, 57, 196, 129, 221, 57, 194, 129, 221, 57, 132, 70, 43, 57, 52, 76, 219, 77, 130, 45, 48, 56, 169, 57, 74, 56, 201, 129, 221, 185, 203, 129, 221, 185, 132, 70, 43, 57, 199, 176, 47, 44, 193, 44, 87, 56, 112, 59, 223, 45, 82, 213, 124, 185, 53, 153, 24, 186, 156, 226, 212, 57, 199, 176, 47, 44, 190, 46, 72, 56, 141, 59, 28, 39, 217, 193, 111, 185, 212, 180, 16, 186, 132, 70, 43, 57, 199, 176, 47, 44, 253, 45, 111, 56, 141, 59, 209, 45, 82, 213, 124, 185, 53, 153, 24, 186, 156, 226, 212, 57, 199, 176, 49, 43, 190, 46, 72, 56, 141, 59, 28, 39, 201, 129, 221, 185, 203, 129, 221, 185, 132, 70, 43, 57, 199, 176, 49, 43, 193, 44, 87, 56, 112, 59, 223, 45, 114, 150, 233, 185, 116, 150, 233, 185, 156, 226, 212, 57, 199, 176, 49, 43, 130, 45, 48, 56, 110, 59, 87, 39, 66, 235, 203, 185, 69, 235, 203, 185, 111, 85, 238, 57, 221, 233, 187, 97, 65, 44, 191, 55, 182, 57, 69, 46, 55, 153, 24, 186, 92, 213, 124, 185, 156, 226, 212, 57, 221, 233, 187, 97, 62, 46, 160, 55, 0, 58, 115, 48, 108, 55, 5, 186, 103, 184, 92, 185, 111, 85, 238, 57, 221, 233, 187, 97, 125, 45, 239, 55, 219, 57, 143, 48, 55, 153, 24, 186, 92, 213, 124, 185, 156, 226, 212, 57, 221, 233, 188, 97, 62, 46, 160, 55, 0, 58, 115, 48, 66, 235, 203, 185, 69, 235, 203, 185, 111, 85, 238, 57, 221, 233, 188, 97, 65, 44, 191, 55, 182, 57, 69, 46, 114, 150, 233, 185, 116, 150, 233, 185, 156, 226, 212, 57, 221, 233, 188, 97, 2, 45, 112, 55, 212, 57, 161, 45, 228, 191, 3, 58, 211, 66, 25, 45, 252, 75, 232, 57, 152, 236, 160, 123, 193, 44, 87, 56, 28, 43, 85, 59, 15, 113, 243, 57, 114, 172, 73, 57, 185, 252, 252, 185, 152, 236, 160, 123, 190, 46, 72, 56, 47, 41, 199, 59, 15, 113, 243, 57, 114, 172, 73, 57, 252, 75, 232, 57, 152, 236, 160, 123, 253, 45, 111, 56, 47, 41, 85, 59, 228, 191, 3, 58, 211, 66, 25, 45, 185, 252, 252, 185, 152, 236, 160, 123, 130, 45, 48, 56, 28, 43, 199, 59, 12, 113, 243, 185, 120, 172, 73, 185, 252, 75, 232, 57, 23, 4, 225, 108, 193, 44, 87, 56, 22, 41, 134, 48, 68, 49, 16, 186, 128, 239, 76, 46, 111, 85, 238, 57, 23, 4, 225, 108, 190, 46, 72, 56, 67, 42, 161, 45, 230, 191, 3, 186, 88, 20, 93, 46, 252, 75, 232, 57, 23, 4, 225, 108, 253, 45, 111, 56, 144, 43, 16, 46, 68, 49, 16, 186, 128, 239, 76, 46, 111, 85, 238, 57, 23, 4, 226, 108, 190, 46, 72, 56, 67, 42, 161, 45, 12, 113, 243, 185, 120, 172, 73, 185, 252, 75, 232, 57, 23, 4, 226, 108, 193, 44, 87, 56, 22, 41, 134, 48, 108, 55, 5, 186, 103, 184, 92, 185, 111, 85, 238, 57, 23, 4, 226, 108, 130, 45, 48, 56, 28, 39, 115, 48, 11, 194, 255, 185, 125, 224, 83, 57, 6, 69, 43, 186, 176, 58, 7, 80, 193, 44, 87, 56, 141, 59, 250, 57, 108, 112, 213, 185, 123, 112, 213, 57, 7, 161, 173, 185, 176, 58, 7, 80, 190, 46, 72, 56, 113, 59, 79, 57, 154, 111, 11, 186, 110, 6, 103, 57, 7, 161, 173, 185, 176, 58, 7, 80, 253, 45, 111, 56, 141, 59, 78, 57, 108, 112, 213, 185, 123, 112, 213, 57, 7, 161, 173, 185, 176, 58, 9, 81, 190, 46, 72, 56, 113, 59, 79, 57, 11, 194, 255, 185, 125, 224, 83, 57, 6, 69, 43, 186, 176, 58, 9, 81, 193, 44, 87, 56, 141, 59, 250, 57, 161, 191, 195, 185, 174, 191, 195, 57, 6, 69, 43, 186, 176, 58, 9, 81, 130, 45, 48, 56, 116, 59, 251, 57, 101, 6, 103, 57, 151, 111, 11, 186, 7, 161, 173, 185, 52, 180, 39, 75, 193, 44, 87, 56, 151, 55, 84, 57, 196, 129, 221, 57, 194, 129, 221, 185, 132, 70, 43, 57, 52, 180, 39, 75, 190, 46, 72, 56, 196, 55, 74, 56, 115, 112, 213, 57, 114, 112, 213, 185, 7, 161, 173, 185, 52, 180, 39, 75, 253, 45, 111, 56, 198, 55, 79, 57, 224, 193, 111, 57, 212, 180, 16, 186, 132, 70, 43, 57, 52, 180, 39, 75, 130, 45, 48, 56, 148, 55, 79, 56, 215, 180, 16, 58, 225, 193, 111, 57, 132, 70, 43, 57, 80, 57, 226, 91, 193, 44, 87, 56, 145, 57, 79, 56, 108, 150, 233, 57, 107, 150, 233, 57, 156, 226, 212, 57, 80, 57, 226, 91, 190, 46, 72, 56, 167, 57, 145, 55, 196, 129, 221, 57, 194, 129, 221, 57, 132, 70, 43, 57, 80, 57, 226, 91, 253, 45, 111, 56, 169, 57, 74, 56, 56, 153, 24, 58, 89, 213, 124, 57, 156, 226, 212, 57, 80, 57, 226, 91, 130, 45, 48, 56, 142, 57, 156, 55, 108, 55, 5, 186, 103, 184, 92, 185, 111, 85, 238, 57, 212, 248, 211, 108, 65, 44, 191, 55, 219, 57, 143, 48, 222, 43, 37, 186, 141, 150, 71, 46, 156, 226, 212, 57, 212, 248, 211, 108, 62, 46, 160, 55, 0, 58, 55, 50, 68, 49, 16, 186, 128, 239, 76, 46, 111, 85, 238, 57, 212, 248, 211, 108, 125, 45, 239, 55, 219, 57, 26, 50, 222, 43, 37, 186, 141, 150, 71, 46, 156, 226, 212, 57, 212, 248, 211, 109, 62, 46, 160, 55, 0, 58, 55, 50, 108, 55, 5, 186, 103, 184, 92, 185, 111, 85, 238, 57, 212, 248, 211, 109, 65, 44, 191, 55, 219, 57, 143, 48, 55, 153, 24, 186, 92, 213, 124, 185, 156, 226, 212, 57, 212, 248, 211, 109, 2, 45, 112, 55, 0, 58, 115, 48, 230, 191, 3, 186, 88, 20, 93, 46, 252, 75, 232, 57, 104, 20, 96, 2, 193, 44, 87, 56, 199, 57, 199, 59, 12, 113, 243, 185, 120, 172, 73, 185, 185, 252, 252, 185, 104, 20, 96, 2, 190, 46, 72, 56, 229, 57, 85, 59, 12, 113, 243, 185, 120, 172, 73, 185, 252, 75, 232, 57, 104, 20, 96, 2, 253, 45, 111, 56, 229, 57, 199, 59, 230, 191, 3, 186, 88, 20, 93, 46, 185, 252, 252, 185, 104, 20, 96, 2, 130, 45, 48, 56, 199, 57, 85, 59, 230, 191, 3, 186, 88, 20, 93, 46, 252, 75, 232, 57, 23, 252, 5, 121, 193, 44, 87, 56, 144, 43, 16, 46, 108, 55, 5, 186, 105, 184, 92, 57, 111, 85, 238, 57, 23, 252, 5, 121, 190, 46, 72, 56, 161, 45, 67, 42, 12, 113, 243, 185, 115, 172, 73, 57, 252, 75, 232, 57, 23, 252, 5, 121, 253, 45, 111, 56, 16, 46, 144, 43, 108, 55, 5, 186, 105, 184, 92, 57, 111, 85, 238, 57, 23, 252, 6, 121, 190, 46, 72, 56, 161, 45, 67, 42, 230, 191, 3, 186, 88, 20, 93, 46, 252, 75, 232, 57, 23, 252, 6, 121, 193, 44, 87, 56, 144, 43, 16, 46, 68, 49, 16, 186, 128, 239, 76, 46, 111, 85, 238, 57, 23, 252, 6, 121, 130, 45, 48, 56, 67, 42, 161, 45, 155, 111, 11, 58, 102, 6, 103, 57, 7, 161, 173, 185, 76, 52, 233, 83, 193, 44, 87, 56, 147, 57, 84, 57, 196, 129, 221, 57, 194, 129, 221, 57, 132, 70, 43, 57, 76, 52, 233, 83, 190, 46, 72, 56, 169, 57, 74, 56, 115, 112, 213, 57, 114, 112, 213, 57, 7, 161, 173, 185, 76, 52, 233, 83, 253, 45, 111, 56, 170, 57, 79, 57, 196, 129, 221, 57, 194, 129, 221, 57, 132, 70, 43, 57, 76, 52, 232, 83, 190, 46, 72, 56, 169, 57, 74, 56, 155, 111, 11, 58, 102, 6, 103, 57, 7, 161, 173, 185, 76, 52, 232, 83, 193, 44, 87, 56, 147, 57, 84, 57, 215, 180, 16, 58, 225, 193, 111, 57, 132, 70, 43, 57, 76, 52, 232, 83, 130, 45, 48, 56, 145, 57, 79, 56, 161, 236, 22, 186, 225, 86, 57, 46, 7, 161, 173, 185, 150, 232, 7, 36, 193, 44, 87, 56, 169, 59, 79, 57, 214, 180, 16, 186, 226, 193, 111, 185, 132, 70, 43, 57, 150, 232, 7, 36, 190, 46, 72, 56, 196, 59, 79, 56, 154, 111, 11, 186, 103, 6, 103, 185, 7, 161, 173, 185, 150, 232, 7, 36, 253, 45, 111, 56, 194, 59, 84, 57, 7, 161, 28, 186, 152, 83, 61, 46, 132, 70, 43, 57, 150, 232, 7, 36, 130, 45, 48, 56, 170, 59, 74, 56, 214, 180, 16, 186, 226, 193, 111, 185, 132, 70, 43, 57, 176, 199, 31, 35, 193, 44, 87, 56, 88, 59, 7, 46, 114, 150, 233, 185, 116, 150, 233, 185, 156, 226, 212, 57, 176, 199, 31, 35, 190, 46, 72, 56, 110, 59, 87, 39, 201, 129, 221, 185, 203, 129, 221, 185, 132, 70, 43, 57, 176, 199, 31, 35, 253, 45, 111, 56, 112, 59, 223, 45, 55, 153, 24, 186, 92, 213, 124, 185, 156, 226, 212, 57, 176, 199, 31, 35, 130, 45, 48, 56, 85, 59, 253, 39, 68, 49, 16, 186, 128, 239, 76, 46, 111, 85, 238, 57, 212, 8, 240, 126, 65, 44, 191, 55, 219, 57, 26, 50, 55, 153, 24, 186, 98, 213, 124, 57, 156, 226, 212, 57, 212, 8, 240, 126, 62, 46, 160, 55, 212, 57, 217, 51, 108, 55, 5, 186, 105, 184, 92, 57, 111, 85, 238, 57, 212, 8, 240, 126, 125, 45, 239, 55, 182, 57, 135, 51, 55, 153, 24, 186, 98, 213, 124, 57, 156, 226, 212, 57, 212, 8, 242, 126, 62, 46, 160, 55, 212, 57, 217, 51, 68, 49, 16, 186, 128, 239, 76, 46, 111, 85, 238, 57, 212, 8, 242, 126, 65, 44, 191, 55, 219, 57, 26, 50, 222, 43, 37, 186, 141, 150, 71, 46, 156, 226, 212, 57, 212, 8, 242, 126, 2, 45, 112, 55, 0, 58, 55, 50, 15, 113, 243, 57, 114, 172, 73, 185, 252, 75, 232, 57, 152, 20, 96, 123, 193, 44, 87, 56, 132, 44, 85, 59, 228, 191, 3, 58, 211, 66, 25, 45, 185, 252, 252, 185, 152, 20, 96, 123, 190, 46, 72, 56, 28, 43, 199, 59, 228, 191, 3, 58, 211, 66, 25, 45, 252, 75, 232, 57, 152, 20, 96, 123, 253, 45, 111, 56, 28, 43, 85, 59, 15, 113, 243, 57, 114, 172, 73, 185, 185, 252, 252, 185, 152, 20, 96, 123, 130, 45, 48, 56, 132, 44, 199, 59, 12, 113, 243, 185, 115, 172, 73, 57, 252, 75, 232, 57, 19, 245, 39, 104, 193, 44, 87, 56, 16, 46, 144, 43, 56, 235, 203, 185, 68, 235, 203, 57, 111, 85, 238, 57, 19, 245, 39, 104, 190, 46, 72, 56, 115, 48, 28, 39, 110, 82, 186, 185, 123, 82, 186, 57, 252, 75, 232, 57, 19, 245, 39, 104, 253, 45, 111, 56, 134, 48, 22, 41, 108, 55, 5, 186, 105, 184, 92, 57, 111, 85, 238, 57, 19, 245, 39, 104, 130, 45, 48, 56, 161, 45, 67, 42, 161, 191, 195, 185, 174, 191, 195, 57, 6, 69, 43, 186, 198, 80, 19, 77, 193, 44, 87, 56, 116, 59, 251, 57, 94, 6, 103, 185, 156, 111, 11, 58, 7, 161, 173, 185, 198, 80, 19, 77, 190, 46, 72, 56, 90, 59, 84, 57, 108, 112, 213, 185, 123, 112, 213, 57, 7, 161, 173, 185, 198, 80, 19, 77, 253, 45, 111, 56, 113, 59, 79, 57, 94, 6, 103, 185, 156, 111, 11, 58, 7, 161, 173, 185, 198, 80, 21, 77, 190, 46, 72, 56, 90, 59, 84, 57, 161, 191, 195, 185, 174, 191, 195, 57, 6, 69, 43, 186, 198, 80, 21, 77, 193, 44, 87, 56, 116, 59, 251, 57, 112, 224, 83, 185, 15, 194, 255, 57, 6, 69, 43, 186, 198, 80, 21, 77, 130, 45, 48, 56, 94, 59, 0, 58, 155, 111, 11, 58, 103, 6, 103, 185, 7, 161, 173, 185, 106, 232, 12, 87, 193, 44, 87, 56, 254, 55, 78, 57, 6, 161, 28, 58, 142, 128, 44, 45, 132, 70, 43, 57, 106, 232, 12, 87, 190, 46, 72, 56, 28, 56, 74, 56, 160, 236, 22, 58, 105, 218, 49, 45, 7, 161, 173, 185, 106, 232, 12, 87, 253, 45, 111, 56, 27, 56, 79, 57, 215, 180, 16, 58, 226, 193, 111, 185, 132, 70, 43, 57, 106, 232, 12, 87, 130, 45, 48, 56, 254, 55, 72, 56, 6, 161, 28, 58, 142, 128, 44, 45, 132, 70, 43, 57, 107, 31, 248, 99, 193, 44, 87, 56, 28, 56, 74, 56, 56, 153, 24, 58, 89, 213, 124, 57, 156, 226, 212, 57, 107, 31, 248, 99, 190, 46, 72, 56, 56, 56, 156, 55, 215, 180, 16, 58, 225, 193, 111, 57, 132, 70, 43, 57, 107, 31, 248, 99, 253, 45, 111, 56, 53, 56, 79, 56, 56, 153, 24, 58, 89, 213, 124, 57, 156, 226, 212, 57, 107, 31, 248, 100, 190, 46, 72, 56, 56, 56, 156, 55, 6, 161, 28, 58, 142, 128, 44, 45, 132, 70, 43, 57, 107, 31, 248, 100, 193, 44, 87, 56, 28, 56, 74, 56, 221, 43, 37, 58, 100, 167, 53, 45, 156, 226, 212, 57, 107, 31, 248, 100, 130, 45, 48, 56, 30, 56, 145, 55, 108, 55, 5, 186, 105, 184, 92, 57, 111, 85, 238, 57, 221, 23, 44, 110, 65, 44, 191, 55, 182, 57, 135, 51, 102, 150, 233, 185, 116, 150, 233, 57, 156, 226, 212, 57, 221, 23, 44, 110, 62, 46, 160, 55, 132, 57, 140, 52, 56, 235, 203, 185, 68, 235, 203, 57, 111, 85, 238, 57, 221, 23, 44, 110, 125, 45, 239, 55, 112, 57, 79, 52, 55, 153, 24, 186, 98, 213, 124, 57, 156, 226, 212, 57, 221, 23, 44, 110, 2, 45, 112, 55, 212, 57, 217, 51 ),
"array_index_data": PoolByteArray( 0, 0, 1, 0, 2, 0, 1, 0, 0, 0, 3, 0, 4, 0, 5, 0, 6, 0, 5, 0, 4, 0, 7, 0, 8, 0, 9, 0, 10, 0, 11, 0, 12, 0, 13, 0, 14, 0, 15, 0, 16, 0, 17, 0, 18, 0, 19, 0, 20, 0, 21, 0, 22, 0, 21, 0, 20, 0, 23, 0, 24, 0, 25, 0, 26, 0, 27, 0, 28, 0, 29, 0, 30, 0, 31, 0, 32, 0, 33, 0, 34, 0, 35, 0, 36, 0, 37, 0, 38, 0, 37, 0, 36, 0, 39, 0, 40, 0, 41, 0, 42, 0, 43, 0, 44, 0, 45, 0, 46, 0, 47, 0, 48, 0, 47, 0, 46, 0, 49, 0, 50, 0, 51, 0, 52, 0, 53, 0, 54, 0, 55, 0, 56, 0, 57, 0, 58, 0, 57, 0, 59, 0, 58, 0, 59, 0, 60, 0, 58, 0, 57, 0, 61, 0, 59, 0, 60, 0, 62, 0, 58, 0, 59, 0, 63, 0, 60, 0, 62, 0, 64, 0, 58, 0, 60, 0, 65, 0, 62, 0, 63, 0, 66, 0, 60, 0, 59, 0, 67, 0, 63, 0, 66, 0, 68, 0, 60, 0, 63, 0, 69, 0, 66, 0, 67, 0, 70, 0, 63, 0, 59, 0, 71, 0, 67, 0, 72, 0, 73, 0, 74, 0, 73, 0, 72, 0, 75, 0, 76, 0, 77, 0, 78, 0, 77, 0, 76, 0, 79, 0, 80, 0, 81, 0, 82, 0, 80, 0, 83, 0, 81, 0, 83, 0, 84, 0, 81, 0, 80, 0, 85, 0, 83, 0, 85, 0, 86, 0, 83, 0, 80, 0, 87, 0, 85, 0, 86, 0, 88, 0, 83, 0, 85, 0, 89, 0, 86, 0, 87, 0, 90, 0, 85, 0, 80, 0, 91, 0, 87, 0, 90, 0, 92, 0, 85, 0, 87, 0, 93, 0, 90, 0, 91, 0, 94, 0, 87, 0, 80, 0, 95, 0, 91, 0, 96, 0, 97, 0, 98, 0, 99, 0, 100, 0, 101, 0, 102, 0, 103, 0, 104, 0, 105, 0, 106, 0, 107, 0, 108, 0, 109, 0, 110, 0, 109, 0, 108, 0, 111, 0, 112, 0, 113, 0, 114, 0, 113, 0, 112, 0, 115, 0, 116, 0, 117, 0, 118, 0, 119, 0, 120, 0, 121, 0, 122, 0, 123, 0, 124, 0, 123, 0, 122, 0, 125, 0, 126, 0, 127, 0, 128, 0, 127, 0, 126, 0, 129, 0, 130, 0, 131, 0, 132, 0, 131, 0, 130, 0, 133, 0, 134, 0, 135, 0, 136, 0, 135, 0, 134, 0, 137, 0, 138, 0, 139, 0, 140, 0, 141, 0, 142, 0, 143, 0, 144, 0, 145, 0, 146, 0, 147, 0, 148, 0, 149, 0, 150, 0, 151, 0, 152, 0, 151, 0, 150, 0, 153, 0, 154, 0, 155, 0, 156, 0, 155, 0, 154, 0, 157, 0, 158, 0, 159, 0, 160, 0, 161, 0, 162, 0, 163, 0, 164, 0, 165, 0, 166, 0, 165, 0, 164, 0, 167, 0, 168, 0, 169, 0, 170, 0, 171, 0, 172, 0, 173, 0, 174, 0, 175, 0, 176, 0, 177, 0, 178, 0, 179, 0, 180, 0, 181, 0, 182, 0, 181, 0, 180, 0, 183, 0, 184, 0, 185, 0, 186, 0, 187, 0, 188, 0, 189, 0, 190, 0, 191, 0, 192, 0, 193, 0, 194, 0, 195, 0, 196, 0, 197, 0, 198, 0, 197, 0, 196, 0, 199, 0, 200, 0, 201, 0, 202, 0, 203, 0, 204, 0, 205, 0, 206, 0, 207, 0, 208, 0, 209, 0, 210, 0, 211, 0, 212, 0, 213, 0, 214, 0, 213, 0, 212, 0, 215, 0, 216, 0, 217, 0, 218, 0, 219, 0, 220, 0, 221, 0, 222, 0, 223, 0, 224, 0, 225, 0, 226, 0, 227, 0, 228, 0, 229, 0, 230, 0, 229, 0, 228, 0, 231, 0, 232, 0, 233, 0, 234, 0, 235, 0, 236, 0, 237, 0, 238, 0, 239, 0, 240, 0, 241, 0, 242, 0, 243, 0, 244, 0, 245, 0, 246, 0, 245, 0, 244, 0, 247, 0, 248, 0, 249, 0, 250, 0, 249, 0, 248, 0, 251, 0, 252, 0, 253, 0, 254, 0, 255, 0, 0, 1, 1, 1, 2, 1, 3, 1, 4, 1, 5, 1, 6, 1, 7, 1, 8, 1, 9, 1, 10, 1, 11, 1, 12, 1, 13, 1, 14, 1, 15, 1, 16, 1, 15, 1, 14, 1, 17, 1, 18, 1, 19, 1, 20, 1, 19, 1, 18, 1, 21, 1, 22, 1, 23, 1, 24, 1, 23, 1, 22, 1, 25, 1, 26, 1, 27, 1, 28, 1, 29, 1, 30, 1, 31, 1, 32, 1, 33, 1, 34, 1, 33, 1, 32, 1, 35, 1, 36, 1, 37, 1, 38, 1, 39, 1, 40, 1, 41, 1, 42, 1, 43, 1, 44, 1, 45, 1, 46, 1, 47, 1, 48, 1, 49, 1, 50, 1, 49, 1, 48, 1, 51, 1, 52, 1, 53, 1, 54, 1, 55, 1, 56, 1, 57, 1, 58, 1, 59, 1, 60, 1, 61, 1, 62, 1, 63, 1, 64, 1, 65, 1, 66, 1, 65, 1, 64, 1, 67, 1, 68, 1, 69, 1, 70, 1, 71, 1, 72, 1, 73, 1, 74, 1, 75, 1, 76, 1, 75, 1, 74, 1, 77, 1, 78, 1, 79, 1, 80, 1, 79, 1, 78, 1, 81, 1, 82, 1, 83, 1, 84, 1, 85, 1, 86, 1, 87, 1, 88, 1, 89, 1, 90, 1, 91, 1, 92, 1, 93, 1, 94, 1, 95, 1, 96, 1, 95, 1, 94, 1, 97, 1, 98, 1, 99, 1, 100, 1, 101, 1, 102, 1, 103, 1, 104, 1, 105, 1, 106, 1, 107, 1, 108, 1, 109, 1, 110, 1, 111, 1, 112, 1, 111, 1, 110, 1, 113, 1, 114, 1, 115, 1, 116, 1, 115, 1, 114, 1, 117, 1, 118, 1, 119, 1, 120, 1, 119, 1, 118, 1, 121, 1, 122, 1, 123, 1, 124, 1, 123, 1, 122, 1, 125, 1, 126, 1, 127, 1, 128, 1, 129, 1, 130, 1, 131, 1, 132, 1, 133, 1, 134, 1, 135, 1, 136, 1, 137, 1, 138, 1, 139, 1, 140, 1, 139, 1, 138, 1, 141, 1, 142, 1, 143, 1, 144, 1, 143, 1, 142, 1, 145, 1, 146, 1, 147, 1, 148, 1, 149, 1, 150, 1, 151, 1, 152, 1, 153, 1, 154, 1, 153, 1, 152, 1, 155, 1, 156, 1, 157, 1, 158, 1, 159, 1, 160, 1, 161, 1, 162, 1, 163, 1, 164, 1, 165, 1, 166, 1, 167, 1, 168, 1, 169, 1, 170, 1, 169, 1, 168, 1, 171, 1, 172, 1, 173, 1, 174, 1, 175, 1, 176, 1, 177, 1, 178, 1, 179, 1, 180, 1, 181, 1, 182, 1, 183, 1, 184, 1, 185, 1, 186, 1, 185, 1, 184, 1, 187, 1, 188, 1, 189, 1, 190, 1, 189, 1, 188, 1, 191, 1, 192, 1, 193, 1, 194, 1, 195, 1, 196, 1, 197, 1, 198, 1, 199, 1, 200, 1, 199, 1, 198, 1, 201, 1, 202, 1, 203, 1, 204, 1, 205, 1, 206, 1, 207, 1, 208, 1, 209, 1, 210, 1, 211, 1, 212, 1, 213, 1, 214, 1, 215, 1, 216, 1, 215, 1, 214, 1, 217, 1, 218, 1, 219, 1, 220, 1, 219, 1, 218, 1, 221, 1, 222, 1, 223, 1, 224, 1, 225, 1, 226, 1, 227, 1, 228, 1, 229, 1, 230, 1, 229, 1, 228, 1, 231, 1, 232, 1, 233, 1, 234, 1, 233, 1, 232, 1, 235, 1, 236, 1, 237, 1, 238, 1, 239, 1, 240, 1, 241, 1, 242, 1, 243, 1, 244, 1, 243, 1, 242, 1, 245, 1, 246, 1, 247, 1, 248, 1, 249, 1, 250, 1, 251, 1, 252, 1, 253, 1, 254, 1, 253, 1, 252, 1, 255, 1 ),
"blend_shape_data": [  ],
"format": 2194743,
"index_count": 660,
"material": SubResource( 1 ),
"primitive": 4,
"skeleton_aabb": [  ],
"vertex_count": 512
}
